positions	67186589	1	nan	nan	nan
positions	67187129	1	nan	nan	nan
positions	67187135	1	-0.43041070439939216	1.0771938303295585	7.102951230669664e-17
positions	67187556	1	-0.42419941010934586	1.0796549370166977	7.102951230669664e-17
positions	67188020	1	-0.41192405010083566	1.084397758901304	7.102951230669664e-17
positions	67188025	1	-0.4083729839877976	1.0750495110052511	7.041718949108006e-17
positions	67188299	1	-0.4021744055449871	1.0773837258322885	7.041718949108006e-17
positions	67188738	1	-0.389737431056828	1.081944859961427	7.041718949108006e-17
positions	67188744	1	-0.3863484130789645	1.072536652565172	6.980486667546348e-17
positions	67189175	1	-0.37791292209769684	1.0755379076052682	6.980486667546348e-17
positions	67189597	1	-0.3654988190599343	1.0798196982136101	6.980486667546348e-17
positions	67190030	1	-0.35908463942696633	1.0819695878868056	6.980486667546348e-17
positions	67190457	1	-0.350575868058698	1.0847564372333676	6.980486667546348e-17
positions	67191321	1	-0.3443223407004096	1.0867576054847419	6.980486667546348e-17
positions	67191757	1	-0.3357764199583245	1.0894283653294097	6.980486667546348e-17
positions	67192624	1	-0.3294962298499373	1.0913442178794992	6.980486667546348e-17
positions	67193053	1	-0.3211057007021075	1.093842354437305	6.980486667546348e-17
positions	67193057	1	-0.3239224147240477	1.1034374537793563	7.041718949108006e-17
positions	67193919	1	-0.3173688172974486	1.1053402096055975	7.041718949108006e-17
positions	67194346	1	-0.3024858903555182	1.1095053994008126	7.041718949108006e-17
positions	67194785	1	-0.2958966626396032	1.1112808421827816	7.041718949108006e-17
positions	67195217	1	-0.2811304724511303	1.1151078883332912	7.041718949108006e-17
positions	67195645	1	-0.2745083936666345	1.1167565029899273	7.041718949108006e-17
positions	67196081	1	-0.25282312602958806	1.121864703120815	7.041718949108006e-17
