position	1417811	12	0.20544445514678955	-0.03931428864598274
position	1418531	12	0.20544445514678955	-0.03685714304447174
position	1419255	12	0.20544445514678955	-0.047914281487464905
position	1419969	12	0.2066388875246048	-0.06388571858406067
position	1420659	12	0.2066388875246048	-0.07494285702705383
position	1421428	12	0.2066388875246048	-0.07862857729196548
position	1422133	12	0.20902778208255768	-0.085999995470047
position	1422906	12	0.21022221446037292	-0.09460001438856125
position	1423608	12	0.21141667664051056	-0.10074286162853241
position	1424372	12	0.21141667664051056	-0.10320000350475311
position	1425860	12	0.20783334970474243	-0.10565715283155441
position	1426565	12	0.2066388875246048	-0.10688573122024536
position	1427301	12	0.20783334970474243	-0.10688573122024536
position	1428085	12	0.20783334970474243	-0.10688573122024536
position	1428846	12	0.20783334970474243	-0.10811427235603333
position	1429569	12	0.20544445514678955	-0.11057142168283463
position	1430347	12	0.2066388875246048	-0.11425714194774628
position	1431011	12	0.20544445514678955	-0.12162856012582779
position	1431782	12	0.20544445514678955	-0.12777143716812134
position	1432514	12	0.20544445514678955	-0.1339142769575119
position	1434708	12	0.2042500078678131	-0.1388285756111145
position	1435486	12	0.2042500078678131	-0.1412857174873352
position	1439127	12	0.2042500078678131	-0.1412857174873352
position	1439854	12	0.20544445514678955	-0.14619998633861542
position	1440617	12	0.20544445514678955	-0.14988571405410767
position	1441375	12	0.20544445514678955	-0.15234285593032837
position	1442132	12	0.20544445514678955	-0.15357144176959991
position	1467961	12	0.2066388875246048	-0.15357144176959991
position	1468658	12	0.20902778208255768	-0.15480001270771027
position	1469436	12	0.21022221446037292	-0.15480001270771027
position	1470188	12	0.21141667664051056	-0.15480001270771027
position	1473861	12	0.21380557119846344	-0.15480001270771027
position	1474540	12	0.21619446575641632	-0.15480001270771027
position	1509946	12	0.21619446575641632	-0.15480001270771027
position	1510684	12	0.21738889813423157	-0.15357144176959991
position	1515124	12	0.21738889813423157	-0.15234285593032837
position	1515877	12	0.21738889813423157	-0.15111428499221802
position	1516623	12	0.21738889813423157	-0.14988571405410767
position	1521033	12	0.21738889813423157	-0.14988571405410767
position	1532869	12	0.21858333051204681	-0.14865714311599731
position	1577700	12	0.21977779269218445	-0.14865714311599731
position	1947001	12	0.19708332419395447	-0.14865714311599731
position	1947792	12	0.2006666511297226	-0.1314571499824524
position	1948467	12	0.2042500078678131	-0.12777143716812134
position	1949160	12	0.2066388875246048	-0.12531428039073944
position	1949908	12	0.20902778208255768	-0.12408570945262909
position	1950654	12	0.21022221446037292	-0.12408570945262909
position	1951393	12	0.21141667664051056	-0.12408570945262909
position	1954353	12	0.2126111090183258	-0.12408570945262909
position	1955107	12	0.2126111090183258	-0.12408570945262909
position	1955806	12	0.21380557119846344	-0.12408570945262909
position	1956559	12	0.21380557119846344	-0.12285713851451874
position	1958754	12	0.2150000035762787	-0.12162856012582779
position	1959499	12	0.21858333051204681	-0.11794286966323853
position	1964658	12	0.21977779269218445	-0.11794286966323853
position	1965403	12	0.22336111962795258	-0.11425714194774628
position	1966144	12	0.22574999928474426	-0.11180000007152557
position	1966915	12	0.22574999928474426	-0.11180000007152557
position	1967653	12	0.2269444465637207	-0.10934285074472427
position	1971314	12	0.2269444465637207	-0.10934285074472427
position	1972045	12	0.2293333262205124	-0.10934285074472427
position	1973578	12	0.23052778840065002	-0.10811427235603333
position	1974294	12	0.23052778840065002	-0.10565715283155441
position	1975068	12	0.23291665315628052	-0.10442858189344406
position	1975778	12	0.23411111533641815	-0.10320000350475311
position	1976487	12	0.23411111533641815	-0.10197143256664276
position	1979476	12	0.23650000989437103	-0.09951428323984146
position	1980173	12	0.23650000989437103	-0.09705713391304016
position	1980916	12	0.23769444227218628	-0.09705713391304016
position	1981654	12	0.2388889044523239	-0.09582856297492981
position	1982406	12	0.2388889044523239	-0.09460001438856125
position	1983154	12	0.24008333683013916	-0.09460001438856125
position	1984599	12	0.24008333683013916	-0.09214286506175995
position	1985362	12	0.2412777692079544	-0.09214286506175995
position	1986097	12	0.24247223138809204	-0.08968571573495865
position	1986832	12	0.2436666637659073	-0.08722857385873795
position	1991246	12	0.24486111104488373	-0.085999995470047
position	1991993	12	0.24605555832386017	-0.0835428461432457
position	1992758	12	0.2472500056028366	-0.08108572661876678
position	1993497	12	0.2472500056028366	-0.07985715568065643
position	1994216	12	0.24844443798065186	-0.07985715568065643
position	1994932	12	0.2496389001607895	-0.07862857729196548
position	1995700	12	0.2520277500152588	-0.07862857729196548
position	1996427	12	0.2532222270965576	-0.07617142796516418
position	1998666	12	0.2556111216545105	-0.07617142796516418
position	1999374	12	0.25680556893348694	-0.07371428608894348
position	2000180	12	0.25680556893348694	-0.07002855837345123
position	2001592	12	0.2580000162124634	-0.06880000978708267
position	2002346	12	0.2580000162124634	-0.06757143884897232
position	2003096	12	0.2591944634914398	-0.06388571858406067
position	2003810	12	0.2615833580493927	-0.06265714019536972
position	2004570	12	0.26277777552604675	-0.06142856925725937
position	2005293	12	0.26277777552604675	-0.06019999459385872
position	2006056	12	0.2639722228050232	-0.06019999459385872
position	2006752	12	0.26516667008399963	-0.06019999459385872
position	2007502	12	0.26875001192092896	-0.05774284526705742
position	2008249	12	0.27113890647888184	-0.056514300405979156
position	2009018	12	0.2723333239555359	-0.056514300405979156
position	2009731	12	0.2735278010368347	-0.054057151079177856
position	2010456	12	0.2759166657924652	-0.055285725742578506
position	2011191	12	0.2783055603504181	-0.055285725742578506
position	2011949	12	0.2783055603504181	-0.055285725742578506
position	2012660	12	0.2783055603504181	-0.052828576415777206
position	2013423	12	0.2783055603504181	-0.052828576415777206
position	2015651	12	0.28069445490837097	-0.054057151079177856
position	2017077	12	0.2818889021873474	-0.054057151079177856
position	2020054	12	0.2818889021873474	-0.054057151079177856
position	2024541	12	0.2842777967453003	-0.054057151079177856
position	2025272	12	0.2842777967453003	-0.055285725742578506
position	2025936	12	0.2866666615009308	-0.055285725742578506
position	2026704	12	0.28905558586120605	-0.056514300405979156
position	2027451	12	0.2902500033378601	-0.05774284526705742
position	2028183	12	0.2902500033378601	-0.05897141993045807
position	2032607	12	0.2902500033378601	-0.05897141993045807
position	2033356	12	0.29144445061683655	-0.05897141993045807
position	2034837	12	0.292638897895813	-0.06019999459385872
position	2036307	12	0.292638897895813	-0.06142856925725937
position	2037749	12	0.29383334517478943	-0.06388571858406067
position	2038517	12	0.2950277626514435	-0.06511428952217102
position	2039252	12	0.2950277626514435	-0.06634286791086197
position	2040006	12	0.2962222397327423	-0.07002855837345123
position	2040775	12	0.2962222397327423	-0.07125713676214218
position	2041472	12	0.29741665720939636	-0.07248570770025253
position	2042965	12	0.29741665720939636	-0.07371428608894348
position	2043684	12	0.29741665720939636	-0.07494285702705383
position	2044449	12	0.29741665720939636	-0.07617142796516418
position	2045167	12	0.29741665720939636	-0.07617142796516418
position	2046611	12	0.2986111044883728	-0.07617142796516418
position	2047375	12	0.2986111044883728	-0.07985715568065643
position	2048097	12	0.2986111044883728	-0.08108572661876678
position	2048838	12	0.2986111044883728	-0.08477142453193665
position	2051778	12	0.2986111044883728	-0.085999995470047
position	2052542	12	0.29980555176734924	-0.085999995470047
position	2053256	12	0.29980555176734924	-0.0884571447968483
position	2054028	12	0.29980555176734924	-0.08968571573495865
position	2054731	12	0.29980555176734924	-0.08968571573495865
position	2055490	12	0.29980555176734924	-0.09214286506175995
position	2056240	12	0.29980555176734924	-0.09582856297492981
position	2056966	12	0.29980555176734924	-0.09705713391304016
position	2060648	12	0.3009999990463257	-0.09705713391304016
position	2061371	12	0.304583340883255	-0.09705713391304016
position	2062126	12	0.3069722354412079	-0.09828571230173111
position	2062903	12	0.3069722354412079	-0.09828571230173111
position	2063602	12	0.3069722354412079	-0.09951428323984146
position	2064390	12	0.3069722354412079	-0.09951428323984146
position	2065069	12	0.3069722354412079	-0.10074286162853241
position	2065924	12	0.3069722354412079	-0.10565715283155441
position	2066578	12	0.304583340883255	-0.10811427235603333
position	2068029	12	0.30577775835990906	-0.10934285074472427
position	2069492	12	0.30338889360427856	-0.11057142168283463
position	2070962	12	0.304583340883255	-0.11057142168283463
position	2072478	12	0.304583340883255	-0.11302857100963593
position	2073215	12	0.304583340883255	-0.11425714194774628
position	2074697	12	0.30338889360427856	-0.11425714194774628
position	2075409	12	0.30338889360427856	-0.11671429127454758
position	2076203	12	0.3009999990463257	-0.11794286966323853
position	2076928	12	0.3021944463253021	-0.12162856012582779
position	2078354	12	0.3021944463253021	-0.12408570945262909
position	2079165	12	0.3021944463253021	-0.126542866230011
position	2080584	12	0.3009999990463257	-0.126542866230011
position	2082109	12	0.2986111044883728	-0.12777143716812134
position	2082796	12	0.2986111044883728	-0.1290000081062317
position	2083562	12	0.29741665720939636	-0.1314571499824524
position	2084269	12	0.29741665720939636	-0.1363714188337326
position	2085045	12	0.2950277626514435	-0.13760000467300415
position	2085753	12	0.2950277626514435	-0.1388285756111145
position	2086518	12	0.29383334517478943	-0.14005714654922485
position	2087236	12	0.292638897895813	-0.1412857174873352
position	2087984	12	0.29144445061683655	-0.14251428842544556
position	2088714	12	0.29144445061683655	-0.14251428842544556
position	2089440	12	0.2902500033378601	-0.14619998633861542
position	2090156	12	0.28905558586120605	-0.14988571405410767
position	2090926	12	0.2866666615009308	-0.15480001270771027
position	2091644	12	0.28547224402427673	-0.15725715458393097
position	2092382	12	0.28308331966400146	-0.15848571062088013
position	2093857	12	0.28308331966400146	-0.15848571062088013
position	2094636	12	0.27950000762939453	-0.16094285249710083
position	2095335	12	0.27472221851348877	-0.16462858021259308
position	2096063	12	0.27113890647888184	-0.16831429302692413
position	2101256	12	0.2699444591999054	-0.171999990940094
position	2103431	12	0.2675555348396301	-0.17322856187820435
position	2104332	12	0.2675555348396301	-0.17568571865558624
position	2105053	12	0.2663611173629761	-0.1769142895936966
position	2105654	12	0.26516667008399963	-0.1793714314699173
position	2106437	12	0.26516667008399963	-0.18305715918540955
position	2107939	12	0.26277777552604675	-0.1842857003211975
position	2110882	12	0.2615833580493927	-0.1842857003211975
position	2112468	12	0.2615833580493927	-0.18551428616046906
position	2113009	12	0.2591944634914398	-0.18797142803668976
position	2113896	12	0.2580000162124634	-0.1891999989748001
position	2114497	12	0.2580000162124634	-0.19042856991291046
position	2115306	12	0.25680556893348694	-0.191657155752182
position	2115957	12	0.25680556893348694	-0.19288572669029236
position	2116691	12	0.25680556893348694	-0.1941142976284027
position	2121131	12	0.2556111216545105	-0.1941142976284027
position	2122612	12	0.2520277500152588	-0.1941142976284027
position	2123442	12	0.2508333623409271	-0.19779999554157257
position	2124248	12	0.2496389001607895	-0.20148572325706482
position	2125637	12	0.2496389001607895	-0.20271429419517517
position	2126305	12	0.2496389001607895	-0.20517143607139587
position	2129254	12	0.24844443798065186	-0.20517143607139587
position	2130006	12	0.24844443798065186	-0.20640000700950623
position	2130815	12	0.24605555832386017	-0.20640000700950623
position	2131518	12	0.24486111104488373	-0.20640000700950623
position	2132262	12	0.2412777692079544	-0.2100857049226761
position	2133073	12	0.24008333683013916	-0.21254286170005798
position	2133713	12	0.2388889044523239	-0.2174571454524994
position	2135169	12	0.23769444227218628	-0.21868570148944855
position	2135903	12	0.2353055775165558	-0.22114284336566925
position	2136640	12	0.2353055775165558	-0.22114284336566925
position	2138856	12	0.2353055775165558	-0.222371444106102
position	2139651	12	0.23291665315628052	-0.22360000014305115
position	2140341	12	0.2293333262205124	-0.2248285710811615
position	2141198	12	0.2269444465637207	-0.22851428389549255
position	2141818	12	0.22336111962795258	-0.23219998180866241
position	2142539	12	0.22336111962795258	-0.23342858254909515
position	2143280	12	0.22216665744781494	-0.23342858254909515
position	2145499	12	0.22336111962795258	-0.23342858254909515
position	2146506	12	0.22336111962795258	-0.2346571385860443
position	2146977	12	0.22216665744781494	-0.2346571385860443
position	2152139	12	0.21858333051204681	-0.2346571385860443
position	2152910	12	0.21380557119846344	-0.23588573932647705
position	2153723	12	0.21141667664051056	-0.2395714372396469
position	2154408	12	0.20902778208255768	-0.24202857911586761
position	2155168	12	0.20783334970474243	-0.24571427702903748
position	2155878	12	0.20544445514678955	-0.24694287776947021
position	2158822	12	0.2066388875246048	-0.24694287776947021
position	2160972	12	0.20544445514678955	-0.24817141890525818
position	2161794	12	0.20544445514678955	-0.24817141890525818
position	2163266	12	0.20305556058883667	-0.24817141890525818
position	2164006	12	0.20186111330986023	-0.24940001964569092
position	2164687	12	0.2006666511297226	-0.24940001964569092
position	2165566	12	0.19708332419395447	-0.2506285607814789
position	2166250	12	0.19349999725818634	-0.2543143033981323
position	2166945	12	0.1899166703224182	-0.2555428743362427
position	2168371	12	0.1899166703224182	-0.2580000162124634
position	2171383	12	0.18752777576446533	-0.2604571580886841
position	2172147	12	0.18633334338665009	-0.2604571580886841
position	2172862	12	0.18275000154972076	-0.26168569922447205
position	2173630	12	0.18036110699176788	-0.2629142701625824
position	2174364	12	0.17677778005599976	-0.2653714418411255
position	2175124	12	0.17677778005599976	-0.26660001277923584
position	2175779	12	0.17677778005599976	-0.26660001277923584
position	2176563	12	0.1755833476781845	-0.26660001277923584
position	2177238	12	0.17438888549804688	-0.2678285837173462
position	2178003	12	0.17438888549804688	-0.26905715465545654
position	2178764	12	0.17080555856227875	-0.26905715465545654
position	2179473	12	0.16841666400432587	-0.2702856957912445
position	2180205	12	0.16722223162651062	-0.2702856957912445
position	2181027	12	0.16722223162651062	-0.27151429653167725
position	2183168	12	0.16483333706855774	-0.27151429653167725
position	2183916	12	0.16124999523162842	-0.2727428376674652
position	2184615	12	0.15647220611572266	-0.27397143840789795
position	2185373	12	0.1552777737379074	-0.2752000093460083
position	2186101	12	0.15408334136009216	-0.2752000093460083
position	2186880	12	0.15288887917995453	-0.277657151222229
position	2187603	12	0.15169444680213928	-0.277657151222229
position	2188346	12	0.15169444680213928	-0.277657151222229
position	2189060	12	0.15050001442432404	-0.277657151222229
position	2189805	12	0.1493055522441864	-0.27888572216033936
position	2190567	12	0.14452779293060303	-0.2801142930984497
position	2191361	12	0.14213889837265015	-0.28134286403656006
position	2192017	12	0.13975000381469727	-0.2837999761104584
position	2193484	12	0.13855555653572083	-0.2850285768508911
position	2194983	12	0.13736110925674438	-0.28625714778900146
position	2195754	12	0.13736110925674438	-0.28625714778900146
position	2196525	12	0.13258333504199982	-0.2874857485294342
position	2197221	12	0.1290000081062317	-0.28871428966522217
position	2197911	12	0.1266111135482788	-0.2899428606033325
position	2202338	12	0.1266111135482788	-0.29117143154144287
position	2203165	12	0.1266111135482788	-0.2924000024795532
position	2211190	12	0.12541668117046356	-0.2924000024795532
position	2211934	12	0.12422221899032593	-0.2924000024795532
position	2212673	12	0.12183334678411484	-0.2936285734176636
position	2216378	12	0.11824999004602432	-0.2936285734176636
position	2217140	12	0.11347222328186035	-0.2936285734176636
position	2217848	12	0.10988889634609222	-0.2948571443557739
position	2218599	12	0.10988889634609222	-0.2948571443557739
position	2222255	12	0.10750000178813934	-0.2948571443557739
position	2223006	12	0.1063055694103241	-0.2960857152938843
position	2223744	12	0.10391667485237122	-0.2960857152938843
position	2224476	12	0.10272221267223358	-0.29731428623199463
position	2225218	12	0.10033334046602249	-0.29731428623199463
position	2226696	12	0.10033334046602249	-0.29854288697242737
position	2227551	12	0.09913887828588486	-0.29977142810821533
position	2228183	12	0.09794444590806961	-0.29977142810821533
position	2229660	12	0.09913887828588486	-0.29977142810821533
position	2230496	12	0.09794444590806961	-0.30222856998443604
position	2231115	12	0.09675001353025436	-0.30468571186065674
position	2231899	12	0.09316665679216385	-0.30714288353919983
position	2235548	12	0.09316665679216385	-0.30714288353919983
position	2236291	12	0.0919722244143486	-0.30714288353919983
position	2237058	12	0.08838889002799988	-0.3083714246749878
position	2237855	12	0.08480556309223175	-0.3083714246749878
position	2238515	12	0.08241666853427887	-0.30960002541542053
position	2241483	12	0.08122222870588303	-0.30960002541542053
position	2242229	12	0.08122222870588303	-0.30960002541542053
position	2242959	12	0.08002777397632599	-0.3108285665512085
position	2243674	12	0.0776389017701149	-0.3108285665512085
position	2244412	12	0.07644443958997726	-0.3108285665512085
position	2245166	12	0.07405554503202438	-0.31205716729164124
position	2247378	12	0.07286111265420914	-0.31205716729164124
position	2248075	12	0.0716666728258133	-0.3132857084274292
position	2248851	12	0.07047221809625626	-0.3132857084274292
position	2249583	12	0.06688888370990753	-0.3132857084274292
position	2250352	12	0.06449998915195465	-0.31451427936553955
position	2251128	12	0.06211112067103386	-0.3157428503036499
position	2254754	12	0.06091666221618652	-0.3157428503036499
position	2255565	12	0.06091666221618652	-0.3157428503036499
position	2256941	12	0.05972222611308098	-0.3157428503036499
position	2257715	12	0.05852779000997543	-0.3157428503036499
position	2259907	12	0.0573333315551281	-0.3157428503036499
position	2260648	12	0.05375000089406967	-0.3157428503036499
position	2261380	12	0.050166670233011246	-0.318200021982193
position	2262178	12	0.04897221177816391	-0.31942856311798096
position	2262914	12	0.04658333957195282	-0.3206571638584137
position	2265557	12	0.045388881117105484	-0.3206571638584137
position	2265908	12	0.04419444501399994	-0.3206571638584137
position	2267386	12	0.04419444501399994	-0.3206571638584137
position	2268108	12	0.04061111435294151	-0.32188570499420166
position	2268785	12	0.037027787417173386	-0.32188570499420166
position	2269497	12	0.037027787417173386	-0.3231143057346344
position	2270263	12	0.03583332523703575	-0.3231143057346344
position	2270979	12	0.034638889133930206	-0.3231143057346344
position	2271841	12	0.034638889133930206	-0.3231143057346344
position	2272581	12	0.032249994575977325	-0.3231143057346344
position	2273249	12	0.02866666577756405	-0.3231143057346344
position	2274002	12	0.023888900876045227	-0.3231143057346344
position	2274688	12	0.01791667565703392	-0.3231143057346344
position	2275447	12	0.015527780167758465	-0.3231143057346344
position	2277679	12	0.010749990120530128	-0.3231143057346344
position	2278404	12	0.008361120708286762	-0.3231143057346344
position	2279127	12	0.00716665992513299	-0.3231143057346344
position	2279877	12	0.005972225219011307	-0.3231143057346344
position	2280631	12	0.004777790512889624	-0.3231143057346344
position	2281415	12	0.003583329962566495	-0.3231143057346344
position	2282093	12	0	-0.3231143057346344
position	2282847	12	-0.0011944604339078069	-0.32434284687042236
position	2286508	12	-0.003583329962566495	-0.32434284687042236
position	2287262	12	-0.005972199607640505	-0.32434284687042236
position	2288010	12	-0.00716665992513299	-0.32434284687042236
position	2296872	12	-0.008361120708286762	-0.32434284687042236
position	2297576	12	-0.008361120708286762	-0.32434284687042236
position	2299071	12	-0.010749990120530128	-0.32434284687042236
position	2299811	12	-0.013138910755515099	-0.3231143057346344
position	2300579	12	-0.016722241416573524	-0.3231143057346344
position	2301319	12	-0.016722241416573524	-0.3206571638584137
position	2304955	12	-0.019111109897494316	-0.3206571638584137
position	2305687	12	-0.022694440558552742	-0.32188570499420166
position	2306427	12	-0.025083309039473534	-0.32188570499420166
position	2307200	12	-0.02627776935696602	-0.32188570499420166
position	2307949	12	-0.027472231537103653	-0.32188570499420166
position	2309396	12	-0.028666691854596138	-0.32188570499420166
position	2310145	12	-0.029861100018024445	-0.32188570499420166
position	2310911	12	-0.03344443067908287	-0.32188570499420166
position	2312339	12	-0.03583335131406784	-0.32188570499420166
position	2316044	12	-0.037027761340141296	-0.32188570499420166
position	2316795	12	-0.037027761340141296	-0.32188570499420166
position	2317502	12	-0.03822221979498863	-0.32188570499420166
position	2318279	12	-0.04061109200119972	-0.32188570499420166
position	2319720	12	-0.04180555045604706	-0.32188570499420166
position	2320461	12	-0.04300001263618469	-0.32188570499420166
position	2321214	12	-0.04897221177816391	-0.32188570499420166
position	2321953	12	-0.05375000089406967	-0.32188570499420166
position	2322737	12	-0.0573333315551281	-0.32188570499420166
position	2323452	12	-0.0573333315551281	-0.32188570499420166
position	2324128	12	-0.05972220003604889	-0.32188570499420166
position	2324888	12	-0.06091666221618652	-0.32188570499420166
position	2325621	12	-0.06091666221618652	-0.32188570499420166
position	2326453	12	-0.06211112067103386	-0.32188570499420166
position	2327135	12	-0.06569445133209229	-0.32188570499420166
position	2327874	12	-0.06808332353830338	-0.3231143057346344
position	2328613	12	-0.06927777826786041	-0.3231143057346344
position	2329410	12	-0.07047224044799805	-0.3231143057346344
position	2330074	12	-0.07286111265420914	-0.3231143057346344
position	2330806	12	-0.07883331179618835	-0.3231143057346344
position	2331503	12	-0.08241669088602066	-0.3231143057346344
position	2332265	12	-0.08361110091209412	-0.3231143057346344
position	2332991	12	-0.08480556309223175	-0.3231143057346344
position	2335989	12	-0.08600002527236938	-0.3231143057346344
position	2336715	12	-0.08958335220813751	-0.3231143057346344
position	2337464	12	-0.0943610891699791	-0.3231143057346344
position	2338210	12	-0.09555555135011673	-0.3231143057346344
position	2338942	12	-0.09555555135011673	-0.3231143057346344
position	2340420	12	-0.09675001353025436	-0.3231143057346344
position	2341167	12	-0.09794442355632782	-0.3231143057346344
position	2341929	12	-0.10272221267223358	-0.3206571638584137
position	2342622	12	-0.10630553960800171	-0.31942856311798096
position	2343358	12	-0.10750000178813934	-0.318200021982193
position	2347059	12	-0.10869446396827698	-0.318200021982193
position	2347775	12	-0.11108332872390747	-0.318200021982193
position	2348549	12	-0.1146666631102562	-0.3157428503036499
position	2349986	12	-0.11705558001995087	-0.31451427936553955
position	2350727	12	-0.11705558001995087	-0.3157428503036499
position	2354437	12	-0.12063891440629959	-0.3157428503036499
position	2355168	12	-0.12063891440629959	-0.3132857084274292
position	2357407	12	-0.12422224134206772	-0.31205716729164124
position	2358126	12	-0.12422224134206772	-0.3132857084274292
position	2360320	12	-0.1266111135482788	-0.3132857084274292
position	2361094	12	-0.13019444048404694	-0.3132857084274292
position	2361813	12	-0.13258330523967743	-0.3108285665512085
position	2362551	12	-0.1349722295999527	-0.3108285665512085
position	2363274	12	-0.13616669178009033	-0.3108285665512085
position	2364035	12	-0.13616669178009033	-0.3108285665512085
position	2365527	12	-0.13736110925674438	-0.3108285665512085
position	2366265	12	-0.13975001871585846	-0.30960002541542053
position	2367025	12	-0.1409444361925125	-0.3083714246749878
position	2367728	12	-0.14452776312828064	-0.3059142827987671
position	2371414	12	-0.14452776312828064	-0.3059142827987671
position	2372132	12	-0.1469166874885559	-0.30468571186065674
position	2374371	12	-0.1493055522441864	-0.30468571186065674
position	2377325	12	-0.15050001442432404	-0.30222856998443604
position	2378034	12	-0.1516944169998169	-0.3009999990463257
position	2378821	12	-0.1552778035402298	-0.29977142810821533
position	2381757	12	-0.15647220611572266	-0.29977142810821533
position	2383218	12	-0.15647220611572266	-0.29977142810821533
position	2383946	12	-0.16005554795265198	-0.29731428623199463
position	2384745	12	-0.16124999523162842	-0.2960857152938843
position	2387659	12	-0.16244445741176605	-0.2948571443557739
position	2392768	12	-0.1636388748884201	-0.2924000024795532
position	2393555	12	-0.16722220182418823	-0.29117143154144287
position	2394277	12	-0.16722220182418823	-0.2899428606033325
position	2396480	12	-0.1696111261844635	-0.2899428606033325
position	2397252	12	-0.1696111261844635	-0.2899428606033325
position	2397954	12	-0.17080558836460114	-0.2899428606033325
position	2398706	12	-0.171999990940094	-0.28871428966522217
position	2399448	12	-0.17319445312023163	-0.2874857485294342
position	2400203	12	-0.17438891530036926	-0.2850285768508911
position	2400949	12	-0.17438891530036926	-0.2850285768508911
position	2403120	12	-0.17677778005599976	-0.28625714778900146
position	2403902	12	-0.17677778005599976	-0.2837999761104584
position	2404596	12	-0.1779722422361374	-0.2837999761104584
position	2405357	12	-0.18155556917190552	-0.2850285768508911
position	2406099	12	-0.18274998664855957	-0.2837999761104584
position	2406835	12	-0.18274998664855957	-0.28134286403656006
position	2408318	12	-0.18513889610767365	-0.28134286403656006
position	2409042	12	-0.1863333135843277	-0.2825714349746704
position	2409795	12	-0.1863333135843277	-0.2825714349746704
position	2410543	12	-0.1863333135843277	-0.2801142930984497
position	2411257	12	-0.18872223794460297	-0.28134286403656006
position	2411997	12	-0.1923055648803711	-0.2801142930984497
position	2412735	12	-0.1946944296360016	-0.2801142930984497
position	2413485	12	-0.19588889181613922	-0.2801142930984497
position	2414942	12	-0.19588889181613922	-0.2801142930984497
position	2416476	12	-0.19708335399627686	-0.27888572216033936
position	2418639	12	-0.19947221875190735	-0.27888572216033936
position	2419379	12	-0.20066668093204498	-0.277657151222229
position	2420132	12	-0.2042500078678131	-0.2752000093460083
position	2420883	12	-0.2042500078678131	-0.2752000093460083
position	2422343	12	-0.20544442534446716	-0.2752000093460083
position	2423090	12	-0.20544442534446716	-0.2752000093460083
position	2424548	12	-0.20544442534446716	-0.2752000093460083
position	2425299	12	-0.2066388875246048	-0.27397143840789795
position	2426038	12	-0.2066388875246048	-0.27151429653167725
position	2429773	12	-0.20783334970474243	-0.2702856957912445
position	2430458	12	-0.20902779698371887	-0.26905715465545654
position	2431180	12	-0.21141667664051056	-0.26905715465545654
position	2432688	12	-0.2126111388206482	-0.2678285837173462
position	2435643	12	-0.21380554139614105	-0.2678285837173462
position	2436406	12	-0.2150000035762787	-0.2653714418411255
position	2437823	12	-0.21738886833190918	-0.26414287090301514
position	2438561	12	-0.21738886833190918	-0.26414287090301514
position	2439338	12	-0.21858333051204681	-0.26414287090301514
position	2440036	12	-0.21858333051204681	-0.26168569922447205
position	2442284	12	-0.21977779269218445	-0.26168569922447205
position	2443034	12	-0.21977779269218445	-0.26168569922447205
position	2443749	12	-0.22336111962795258	-0.25922855734825134
position	2444493	12	-0.2245555818080902	-0.2580000162124634
position	2445232	12	-0.2245555818080902	-0.25677141547203064
position	2446686	12	-0.2245555818080902	-0.25677141547203064
position	2452540	12	-0.22574999928474426	-0.25677141547203064
position	2453314	12	-0.22813890874385834	-0.253085732460022
position	2454063	12	-0.2293333262205124	-0.25185713171958923
position	2454845	12	-0.2293333262205124	-0.2506285607814789
position	2456280	12	-0.23172225058078766	-0.24940001964569092
position	2457766	12	-0.23172225058078766	-0.24817141890525818
position	2458588	12	-0.23172225058078766	-0.24571427702903748
position	2459205	12	-0.23291665315628052	-0.24571427702903748
position	2459957	12	-0.23411111533641815	-0.24448572099208832
position	2460707	12	-0.2353055775165558	-0.24325715005397797
position	2461433	12	-0.2353055775165558	-0.24325715005397797
position	2462922	12	-0.2353055775165558	-0.24325715005397797
position	2464430	12	-0.23649998009204865	-0.24202857911586761
position	2465247	12	-0.23769444227218628	-0.2395714372396469
position	2465860	12	-0.2388889044523239	-0.23834285140037537
position	2467333	12	-0.24008330702781677	-0.23711428046226501
position	2468798	12	-0.2412777692079544	-0.2346571385860443
position	2471823	12	-0.24366669356822968	-0.2346571385860443
position	2472515	12	-0.24486111104488373	-0.23097144067287445
position	2473261	12	-0.24486111104488373	-0.2297428697347641
position	2474004	12	-0.24486111104488373	-0.2272857129573822
position	2474773	12	-0.24605555832386017	-0.2272857129573822
position	2475509	12	-0.24605555832386017	-0.2272857129573822
position	2477689	12	-0.2472500205039978	-0.22605714201927185
position	2478434	12	-0.24844443798065186	-0.2248285710811615
position	2479213	12	-0.2496389001607895	-0.2248285710811615
position	2479929	12	-0.2508333623409271	-0.22360000014305115
position	2484351	12	-0.2520277500152588	-0.22114284336566925
position	2485073	12	-0.2520277500152588	-0.2199143022298813
position	2485816	12	-0.2520277500152588	-0.21868570148944855
position	2486627	12	-0.2520277500152588	-0.21622857451438904
position	2487293	12	-0.2520277500152588	-0.21622857451438904
position	2488046	12	-0.2532222270965576	-0.21622857451438904
position	2488761	12	-0.25441667437553406	-0.2150000035762787
position	2489541	12	-0.2556110918521881	-0.2150000035762787
position	2490234	12	-0.25680556893348694	-0.21254286170005798
position	2496863	12	-0.25919443368911743	-0.21254286170005798
position	2497620	12	-0.26038888096809387	-0.2100857049226761
position	2498504	12	-0.26038888096809387	-0.20885713398456573
position	2499099	12	-0.2615833580493927	-0.20885713398456573
position	2499833	12	-0.2615833580493927	-0.20640000700950623
position	2505722	12	-0.26277780532836914	-0.20394286513328552
position	2506490	12	-0.2639722228050232	-0.20271429419517517
position	2507240	12	-0.26516667008399963	-0.20025713741779327
position	2507979	12	-0.2675555348396301	-0.19902856647968292
position	2513861	12	-0.27113887667655945	-0.19779999554157257
position	2514614	12	-0.27472221851348877	-0.19902856647968292
position	2516057	12	-0.27711111307144165	-0.19657142460346222
position	2517587	12	-0.2783055901527405	-0.19779999554157257
position	2518329	12	-0.2783055901527405	-0.19779999554157257
position	2519049	12	-0.2783055901527405	-0.1941142976284027
position	2520509	12	-0.2783055901527405	-0.19288572669029236
position	2521254	12	-0.2783055901527405	-0.19042856991291046
position	2522728	12	-0.2783055901527405	-0.1891999989748001
position	2523453	12	-0.27950000762939453	-0.18797142803668976
position	2524966	12	-0.27950000762939453	-0.1867428570985794
position	2525678	12	-0.27950000762939453	-0.1867428570985794
position	2526401	12	-0.27950000762939453	-0.18551428616046906
position	2527178	12	-0.27950000762939453	-0.1818285882472992
position	2527877	12	-0.2783055901527405	-0.18060001730918884
position	2530127	12	-0.27950000762939453	-0.18060001730918884
position	2530867	12	-0.27950000762939453	-0.18060001730918884
position	2531640	12	-0.28069445490837097	-0.1769142895936966
position	2532336	12	-0.28069445490837097	-0.1744571477174759
position	2533083	12	-0.28069445490837097	-0.17077142000198364
position	2536028	12	-0.2818889021873474	-0.17077142000198364
position	2536742	12	-0.2818889021873474	-0.16831429302692413
position	2537524	12	-0.2818889021873474	-0.16585715115070343
position	2541949	12	-0.2818889021873474	-0.16462858021259308
position	2542637	12	-0.2818889021873474	-0.16339999437332153
position	2543410	12	-0.28069445490837097	-0.15971428155899048
position	2544140	12	-0.28069445490837097	-0.15725715458393097
position	2544893	12	-0.28069445490837097	-0.15602858364582062
position	2549332	12	-0.27950000762939453	-0.15602858364582062
position	2550018	12	-0.2783055901527405	-0.15602858364582062
position	2550735	12	-0.2783055901527405	-0.15357144176959991
position	2551516	12	-0.2783055901527405	-0.15234285593032837
position	2552241	12	-0.27950000762939453	-0.14865714311599731
position	2556677	12	-0.28069445490837097	-0.14988571405410767
position	2557419	12	-0.28069445490837097	-0.14865714311599731
position	2558136	12	-0.28069445490837097	-0.14619998633861542
position	2558905	12	-0.27950000762939453	-0.1437428742647171
position	2560377	12	-0.27711111307144165	-0.1437428742647171
position	2561149	12	-0.27950000762939453	-0.1437428742647171
position	2562595	12	-0.27950000762939453	-0.1437428742647171
position	2563338	12	-0.27950000762939453	-0.14251428842544556
position	2564053	12	-0.27950000762939453	-0.1412857174873352
position	2567031	12	-0.28069445490837097	-0.1388285756111145
position	2567759	12	-0.28069445490837097	-0.1363714188337326
position	2568500	12	-0.27950000762939453	-0.13514284789562225
position	2572908	12	-0.27950000762939453	-0.1339142769575119
position	2573641	12	-0.27950000762939453	-0.13268573582172394
position	2574553	12	-0.27711111307144165	-0.13022857904434204
position	2578043	12	-0.2783055901527405	-0.12777143716812134
position	2578801	12	-0.27711111307144165	-0.12408570945262909
position	2581079	12	-0.27711111307144165	-0.12162856012582779
position	2581770	12	-0.2759166657924652	-0.11917144060134888
position	2582543	12	-0.2759166657924652	-0.11794286966323853
position	2583267	12	-0.2759166657924652	-0.11671429127454758
position	2587661	12	-0.2759166657924652	-0.11671429127454758
position	2588433	12	-0.2759166657924652	-0.11548572033643723
position	2589174	12	-0.2759166657924652	-0.11302857100963593
position	2589938	12	-0.2759166657924652	-0.10934285074472427
position	2594361	12	-0.2759166657924652	-0.10688573122024536
position	2595064	12	-0.2759166657924652	-0.10688573122024536
position	2595813	12	-0.2735278010368347	-0.10442858189344406
position	2596568	12	-0.2735278010368347	-0.10074286162853241
position	2597303	12	-0.27472221851348877	-0.10074286162853241
position	2603925	12	-0.27472221851348877	-0.10074286162853241
position	2604642	12	-0.2723333239555359	-0.09951428323984146
position	2605408	12	-0.2723333239555359	-0.09582856297492981
position	2606156	12	-0.2735278010368347	-0.0933714434504509
position	2606900	12	-0.2723333239555359	-0.09214286506175995
position	2607631	12	-0.2723333239555359	-0.09214286506175995
position	2608365	12	-0.2723333239555359	-0.0909142941236496
position	2609087	12	-0.2735278010368347	-0.0884571447968483
position	2609856	12	-0.2735278010368347	-0.085999995470047
position	2610586	12	-0.2723333239555359	-0.0835428461432457
position	2611340	12	-0.2723333239555359	-0.08108572661876678
position	2612069	12	-0.2723333239555359	-0.07862857729196548
position	2613543	12	-0.2699444591999054	-0.07740000635385513
position	2614261	12	-0.2699444591999054	-0.07740000635385513
position	2615026	12	-0.2675555348396301	-0.07371428608894348
position	2616477	12	-0.26875001192092896	-0.07125713676214218
position	2618688	12	-0.2675555348396301	-0.06880000978708267
position	2619442	12	-0.2675555348396301	-0.06511428952217102
position	2621649	12	-0.2675555348396301	-0.06388571858406067
position	2624650	12	-0.26516667008399963	-0.06142856925725937
position	2625327	12	-0.2639722228050232	-0.06265714019536972
position	2626143	12	-0.26277780532836914	-0.05897141993045807
position	2626821	12	-0.26038888096809387	-0.055285725742578506
position	2627592	12	-0.25919443368911743	-0.051600001752376556
position	2628281	12	-0.2556110918521881	-0.050371430814266205
position	2629056	12	-0.2532222270965576	-0.045457132160663605
position	2629747	12	-0.2520277500152588	-0.04300001263618469
position	2630505	12	-0.2496389001607895	-0.03808571398258209
position	2631241	12	-0.24844443798065186	-0.03439999371767044
position	2637144	12	-0.24844443798065186	-0.03194284439086914
position	2637888	12	-0.24605555832386017	-0.02948572300374508
position	2638622	12	-0.24605555832386017	-0.027028575539588928
position	2639375	12	-0.24486111104488373	-0.022114278748631477
position	2640110	12	-0.24366669356822968	-0.020885705947875977
position	2651182	12	-0.24486111104488373	-0.020885705947875977
position	2651902	12	-0.24486111104488373	-0.019657131284475327
position	2652652	12	-0.24247223138809204	-0.01474286150187254
position	2657063	12	-0.24366669356822968	-0.012285714037716389
position	2657816	12	-0.24366669356822968	-0.008599991910159588
position	2658553	12	-0.24366669356822968	-0.0073714181780815125
position	2659294	12	-0.24366669356822968	-0.003685721894726157
position	2664422	12	-0.24366669356822968	-0.002457147929817438
position	2665191	12	-0.24366669356822968	-0.002457147929817438
position	2665911	12	-0.2412777692079544	0.0012285483535379171
position	2672549	12	-0.2412777692079544	0.0036856962833553553
position	2673299	12	-0.2412777692079544	0.004914295859634876
position	2674075	12	-0.24008330702781677	0.008599991910159588
position	2674788	12	-0.24008330702781677	0.009828591719269753
position	2679204	12	-0.24008330702781677	0.009828591719269753
position	2682940	12	-0.2388889044523239	0.011057139374315739
position	2683629	12	-0.23769444227218628	0.011057139374315739
position	2684394	12	-0.23649998009204865	0.014742836356163025
position	2685117	12	-0.23649998009204865	0.017199983820319176
position	2685897	12	-0.2353055775165558	0.020885732024908066
position	2686636	12	-0.2353055775165558	0.023342879489064217
position	2687358	12	-0.2353055775165558	0.024571428075432777
position	2688834	12	-0.2353055775165558	0.024571428075432777
position	2689540	12	-0.2353055775165558	0.025799976661801338
position	2690377	12	-0.23291665315628052	0.027028575539588928
position	2691035	12	-0.23291665315628052	0.03071427159011364
position	2692518	12	-0.23411111533641815	0.03317141905426979
position	2693376	12	-0.23291665315628052	0.03317141905426979
position	2694028	12	-0.23172225058078766	0.03317141905426979
position	2695498	12	-0.23291665315628052	0.03317141905426979
position	2696215	12	-0.23172225058078766	0.03440001979470253
position	2696945	12	-0.2293333262205124	0.03685716539621353
position	2697673	12	-0.22813890874385834	0.04054286330938339
position	2699162	12	-0.2293333262205124	0.04300001263618469
position	2699892	12	-0.2269444465637207	0.04300001263618469
position	2700652	12	-0.2269444465637207	0.046685706824064255
position	2701374	12	-0.2269444465637207	0.051600001752376556
position	2702108	12	-0.2269444465637207	0.051600001752376556
position	2702835	12	-0.22574999928474426	0.051600001752376556
position	2703664	12	-0.22336111962795258	0.051600001752376556
position	2704297	12	-0.2209722101688385	0.054057151079177856
position	2705039	12	-0.21977779269218445	0.06019999459385872
position	2705789	12	-0.21738886833190918	0.06511428952217102
position	2706520	12	-0.2150000035762787	0.06634283810853958
position	2709447	12	-0.21380554139614105	0.06634283810853958
position	2710190	12	-0.21141667664051056	0.06757143884897232
position	2714627	12	-0.21022221446037292	0.06757143884897232
position	2715360	12	-0.20902779698371887	0.07125713676214218
position	2716125	12	-0.2066388875246048	0.07617142796516418
position	2716877	12	-0.20544442534446716	0.07862857729196548
position	2717601	12	-0.20544442534446716	0.07985712587833405
position	2718330	12	-0.2042500078678131	0.08231427520513535
position	2719074	12	-0.2042500078678131	0.08354287594556808
position	2719789	12	-0.2042500078678131	0.08477142453193665
position	2720553	12	-0.20305556058883667	0.08477142453193665
position	2721288	12	-0.20305556058883667	0.08477142453193665
position	2722015	12	-0.19947221875190735	0.08600002527236938
position	2722729	12	-0.19827775657176971	0.08968571573495865
position	2723461	12	-0.19708335399627686	0.09214286506175995
position	2724955	12	-0.19708335399627686	0.09460001438856125
position	2725703	12	-0.19708335399627686	0.09582856297492981
position	2726441	12	-0.1946944296360016	0.09582856297492981
position	2730119	12	-0.19588889181613922	0.09582856297492981
position	2731613	12	-0.1946944296360016	0.09705716371536255
position	2732384	12	-0.1923055648803711	0.10074286162853241
position	2733112	12	-0.1923055648803711	0.10320000350475311
position	2733874	12	-0.19111110270023346	0.10442855209112167
position	2734551	12	-0.1899167001247406	0.10442855209112167
position	2735321	12	-0.1863333135843277	0.10442855209112167
position	2737537	12	-0.18872223794460297	0.10442855209112167
position	2738320	12	-0.18872223794460297	0.10565715283155441
position	2738963	12	-0.1863333135843277	0.10565715283155441
position	2739739	12	-0.1839444488286972	0.10565715283155441
position	2740465	12	-0.18155556917190552	0.11180000007152557
position	2741215	12	-0.18036110699176788	0.11548569053411484
position	2741946	12	-0.17916665971279144	0.11917144060134888
position	2743413	12	-0.18036110699176788	0.12039998918771744
position	2744186	12	-0.18036110699176788	0.12039998918771744
position	2744946	12	-0.1779722422361374	0.12162858992815018
position	2745661	12	-0.17558331787586212	0.12531428039073944
position	2746400	12	-0.17438891530036926	0.12777143716812134
position	2747837	12	-0.17438891530036926	0.1289999783039093
position	2748630	12	-0.171999990940094	0.13022857904434204
position	2749337	12	-0.171999990940094	0.1339142769575119
position	2750078	12	-0.17080558836460114	0.13760001957416534
position	2750842	12	-0.17080558836460114	0.13760001957416534
position	2754504	12	-0.17080558836460114	0.13760001957416534
position	2757487	12	-0.16841666400432587	0.14005711674690247
position	2758216	12	-0.16841666400432587	0.1388285756111145
position	2758905	12	-0.16841666400432587	0.1412857174873352
position	2759684	12	-0.16841666400432587	0.1412857174873352
position	2760412	12	-0.16483333706855774	0.14251427352428436
position	2761163	12	-0.1636388748884201	0.1462000161409378
position	2769240	12	-0.16244445741176605	0.14742857217788696
position	2770049	12	-0.16244445741176605	0.14988571405410767
position	2770740	12	-0.16244445741176605	0.14988571405410767
position	2772951	12	-0.16005554795265198	0.1511143147945404
position	2773695	12	-0.16005554795265198	0.1511143147945404
position	2774389	12	-0.15886113047599792	0.1511143147945404
position	2775147	12	-0.15647220611572266	0.15480001270771027
position	2775920	12	-0.15288887917995453	0.15725715458393097
position	2776639	12	-0.1516944169998169	0.16094285249710083
position	2783998	12	-0.1516944169998169	0.16217145323753357
position	2784753	12	-0.1493055522441864	0.1646285504102707
position	2785488	12	-0.14572222530841827	0.1670856922864914
position	2786969	12	-0.1433333456516266	0.17077144980430603
position	2787818	12	-0.14213889837265015	0.171999990940094
position	2788445	12	-0.1409444361925125	0.171999990940094
position	2789187	12	-0.13975001871585846	0.171999990940094
position	2789940	12	-0.13975001871585846	0.171999990940094
position	2790664	12	-0.13855555653572083	0.17568573355674744
position	2791398	12	-0.13736110925674438	0.17814283072948456
position	2792175	12	-0.13616669178009033	0.1818285882472992
position	2794357	12	-0.13616669178009033	0.18305712938308716
position	2795117	12	-0.13616669178009033	0.18305712938308716
position	2796634	12	-0.13377776741981506	0.18305712938308716
position	2798823	12	-0.13258330523967743	0.18551428616046906
position	2800261	12	-0.13138890266418457	0.1867428869009018
position	2801023	12	-0.13019444048404694	0.18797142803668976
position	2801747	12	-0.12780557572841644	0.19165712594985962
position	2803255	12	-0.1266111135482788	0.19288572669029236
position	2803977	12	-0.12541665136814117	0.19534286856651306
position	2804730	12	-0.12422224134206772	0.19534286856651306
position	2805430	12	-0.12422224134206772	0.19780002534389496
position	2808385	12	-0.12422224134206772	0.19902856647968292
position	2809889	12	-0.12302777916193008	0.20025716722011566
position	2810633	12	-0.12302777916193008	0.20025716722011566
position	2811349	12	-0.12063891440629959	0.20394286513328552
position	2812100	12	-0.12063891440629959	0.20640000700950623
position	2812831	12	-0.11944445222616196	0.20885716378688812
position	2813540	12	-0.11944445222616196	0.20885716378688812
position	2814283	12	-0.11824999004602432	0.2100857049226761
position	2815751	12	-0.11705558001995087	0.21131430566310883
position	2816495	12	-0.11705558001995087	0.21131430566310883
position	2817232	12	-0.1146666631102562	0.21131430566310883
position	2817979	12	-0.1146666631102562	0.21377146244049072
position	2819456	12	-0.11347220093011856	0.21377146244049072
position	2820193	12	-0.1122777909040451	0.21377146244049072
position	2821679	12	-0.1122777909040451	0.21377146244049072
position	2823183	12	-0.1122777909040451	0.21622854471206665
position	2823912	12	-0.10988887399435043	0.21868570148944855
position	2824622	12	-0.10869446396827698	0.21868570148944855
position	2825370	12	-0.10750000178813934	0.2199143022298813
position	2826123	12	-0.10750000178813934	0.2199143022298813
position	2826840	12	-0.10391667485237122	0.22114284336566925
position	2827580	12	-0.09913887828588486	0.222371444106102
position	2828348	12	-0.09794442355632782	0.22360000014305115
position	2829060	12	-0.09675001353025436	0.22360000014305115
position	2829864	12	-0.09555555135011673	0.22360000014305115
position	2831259	12	-0.09555555135011673	0.22360000014305115
position	2832748	12	-0.09316667914390564	0.22605714201927185
position	2833481	12	-0.0919722244143486	0.2272857427597046
position	2834232	12	-0.08958335220813751	0.22851428389549255
position	2835014	12	-0.08958335220813751	0.2272857427597046
position	2835718	12	-0.09077776223421097	0.22851428389549255
position	2836432	12	-0.09077776223421097	0.22851428389549255
position	2837174	12	-0.08719442784786224	0.23097144067287445
position	2837888	12	-0.08480556309223175	0.23097144067287445
position	2838707	12	-0.08361110091209412	0.23219998180866241
position	2839390	12	-0.08361110091209412	0.23219998180866241
position	2840108	12	-0.08122222870588303	0.23342858254909515
position	2840870	12	-0.08002777397632599	0.2346571385860443
position	2841593	12	-0.07883331179618835	0.2346571385860443
position	2842318	12	-0.07883331179618835	0.23588573932647705
position	2843067	12	-0.07644443958997726	0.23588573932647705
position	2849717	12	-0.07405557483434677	0.23588573932647705
position	2850429	12	-0.0716666504740715	0.23834288120269775
position	2855633	12	-0.07047224044799805	0.23711428046226501
position	2856329	12	-0.06927777826786041	0.23711428046226501
position	2859319	12	-0.06688891351222992	0.23711428046226501
position	2860103	12	-0.06449998915195465	0.23711428046226501
position	2860792	12	-0.06211112067103386	0.23834288120269775
position	2861530	12	-0.06091666221618652	0.23834288120269775
position	2862276	12	-0.06091666221618652	0.23834288120269775
position	2862968	12	-0.05972220003604889	0.23834288120269775
position	2863728	12	-0.05972220003604889	0.24202857911586761
position	2864470	12	-0.05852779000997543	0.24571427702903748
position	2865209	12	-0.05852779000997543	0.24571427702903748
position	2866655	12	-0.0573333315551281	0.24571427702903748
position	2867389	12	-0.054944463074207306	0.24571427702903748
position	2868128	12	-0.04897221177816391	0.24571427702903748
position	2869041	12	-0.04300001263618469	0.24571427702903748
position	2869638	12	-0.04061109200119972	0.24571427702903748
position	2874080	12	-0.037027761340141296	0.24571427702903748
position	2874789	12	-0.03583335131406784	0.24571427702903748
position	2875653	12	-0.032250020653009415	0.24571427702903748
position	2877786	12	-0.03105556033551693	0.24571427702903748
position	2878507	12	-0.029861100018024445	0.24448572099208832
position	2879231	12	-0.023888900876045227	0.24448572099208832
position	2879968	12	-0.019111109897494316	0.24448572099208832
position	2880725	12	-0.015527780167758465	0.24448572099208832
position	2881440	12	-0.01433331985026598	0.24448572099208832
position	2882203	12	-0.011944450438022614	0.24448572099208832
position	2888810	12	-0.010749990120530128	0.24448572099208832
position	2889554	12	-0.009555581025779247	0.24448572099208832
position	2890313	12	-0.008361120708286762	0.24448572099208832
position	2891092	12	-0.008361120708286762	0.24448572099208832
position	2891769	12	-0.005972199607640505	0.24448572099208832
position	2892541	12	-0.004777790512889624	0.24448572099208832
position	2893252	12	-0.003583329962566495	0.24448572099208832
position	2894026	12	-0.003583329962566495	0.24448572099208832
position	2894703	12	-0.0011944604339078069	0.24448572099208832
position	2895454	12	-0.0011944604339078069	0.24448572099208832
position	2896205	12	0	0.24448572099208832
position	2896947	12	0.003583329962566495	0.24448572099208832
position	2897716	12	0.00716665992513299	0.24448572099208832
position	2898429	12	0.01313888467848301	0.24448572099208832
position	2899161	12	0.015527780167758465	0.24325712025165558
position	2899901	12	0.02030554600059986	0.24325712025165558
position	2900643	12	0.023888900876045227	0.24202857911586761
position	2901426	12	0.02627776935696602	0.24202857911586761
position	2902112	12	0.027472231537103653	0.24202857911586761
position	2902916	12	0.029861100018024445	0.24079997837543488
position	2903608	12	0.03344445675611496	0.24079997837543488
position	2904333	12	0.03941665589809418	0.2395714372396469
position	2905080	12	0.04300001263618469	0.2395714372396469
position	2905796	12	0.045388881117105484	0.2395714372396469
position	2906539	12	0.04658333957195282	0.23834288120269775
position	2907310	12	0.050166670233011246	0.23711428046226501
position	2908016	12	0.05255556479096413	0.23588573932647705
position	2908754	12	0.05613889545202255	0.2346571385860443
position	2909506	12	0.0573333315551281	0.23342858254909515
position	2910259	12	0.05852779000997543	0.23219998180866241
position	2910978	12	0.05972222611308098	0.23097144067287445
position	2913921	12	0.06211112067103386	0.23097144067287445
position	2914703	12	0.06449998915195465	0.2297428399324417
position	2915428	12	0.06569445133209229	0.2297428399324417
position	2916201	12	0.06688888370990753	0.22851428389549255
position	2916915	12	0.06927777826786041	0.22851428389549255
position	2917633	12	0.07047221809625626	0.2272857427597046
position	2918393	12	0.07286111265420914	0.2272857427597046
position	2919110	12	0.07286111265420914	0.22605714201927185
position	2920604	12	0.07405554503202438	0.22605714201927185
position	2921324	12	0.07525000721216202	0.2248286008834839
position	2922091	12	0.07525000721216202	0.2248286008834839
position	2922809	12	0.07644443958997726	0.2248286008834839
position	2923570	12	0.08241666853427887	0.2248286008834839
position	2924265	12	0.085999995470047	0.222371444106102
position	2925008	12	0.08719445765018463	0.222371444106102
position	2925775	12	0.08719445765018463	0.222371444106102
position	2926493	12	0.08838889002799988	0.222371444106102
position	2927972	12	0.08838889002799988	0.222371444106102
position	2928708	12	0.08838889002799988	0.22114284336566925
position	2929449	12	0.09077778458595276	0.22114284336566925
position	2930238	12	0.09316665679216385	0.21868570148944855
position	2930932	12	0.09436111897230148	0.2174571454524994
position	2931704	12	0.09436111897230148	0.2174571454524994
position	2932380	12	0.09794444590806961	0.21622854471206665
position	2933121	12	0.10033334046602249	0.21622854471206665
position	2933887	12	0.10152778029441833	0.21622854471206665
position	2934625	12	0.10272221267223358	0.2150000035762787
position	2935342	12	0.10272221267223358	0.2150000035762787
position	2936108	12	0.1063055694103241	0.2150000035762787
position	2936822	12	0.10869443416595459	0.2150000035762787
position	2937554	12	0.11108332872390747	0.21377146244049072
position	2938291	12	0.1122777909040451	0.21254286170005798
position	2939030	12	0.11586112529039383	0.21131430566310883
position	2939750	12	0.11824999004602432	0.2100857049226761
position	2940507	12	0.1206388846039772	0.20885716378688812
position	2941281	12	0.1206388846039772	0.20885716378688812
position	2942024	12	0.12302777916193008	0.20762856304645538
position	2942709	12	0.12541668117046356	0.20640000700950623
position	2943473	12	0.12780554592609406	0.2051714062690735
position	2944200	12	0.12780554592609406	0.20394286513328552
position	2945658	12	0.13019444048404694	0.20271426439285278
position	2946457	12	0.13138890266418457	0.20271426439285278
position	2947133	12	0.13138890266418457	0.20148572325706482
position	2947912	12	0.13258333504199982	0.20025716722011566
position	2948601	12	0.13616666197776794	0.19902856647968292
position	2949349	12	0.13736110925674438	0.19657142460346222
position	2950084	12	0.13855555653572083	0.19534286856651306
position	2950891	12	0.13975000381469727	0.19534286856651306
position	2951541	12	0.1433333307504654	0.19411426782608032
position	2952332	12	0.14572222530841827	0.19042856991291046
position	2955315	12	0.14691665768623352	0.1892000287771225
position	2956010	12	0.14811111986637115	0.1867428869009018
position	2956759	12	0.15169444680213928	0.1867428869009018
position	2957485	12	0.1576666682958603	0.1867428869009018
position	2958230	12	0.16124999523162842	0.1842857301235199
position	2959720	12	0.16244444251060486	0.1818285882472992
position	2960448	12	0.16244444251060486	0.1818285882472992
position	2961191	12	0.16483333706855774	0.18059998750686646
position	2961944	12	0.16602779924869537	0.1793714314699173
position	2962658	12	0.16841666400432587	0.17814283072948456
position	2963386	12	0.171999990940094	0.1769142895936966
position	2964167	12	0.17319445312023163	0.17322859168052673
position	2964903	12	0.17438888549804688	0.171999990940094
position	2965612	12	0.1755833476781845	0.1695428490638733
position	2966385	12	0.17916667461395264	0.1670856922864914
position	2967102	12	0.18036110699176788	0.16339999437332153
position	2967844	12	0.18275000154972076	0.16217145323753357
position	2968561	12	0.1839444488286972	0.15848571062088013
position	2969303	12	0.18513889610767365	0.15602855384349823
position	2970060	12	0.19111110270023346	0.15234285593032837
position	2970785	12	0.19588889181613922	0.1486571580171585
position	2971510	12	0.19947221875190735	0.14497141540050507
position	2972278	12	0.2006666511297226	0.14251427352428436
position	2972995	12	0.20186111330986023	0.13760001957416534
position	2973735	12	0.20305556058883667	0.13514287769794464
position	2974460	12	0.20305556058883667	0.13268573582172394
position	2975207	12	0.20783334970474243	0.13022857904434204
position	2975926	12	0.21141667664051056	0.1265428364276886
position	2976681	12	0.2126111090183258	0.12408573925495148
position	2977425	12	0.21380557119846344	0.12162858992815018
position	2978158	12	0.21380557119846344	0.12039998918771744
position	2978864	12	0.21380557119846344	0.11917144060134888
position	2980349	12	0.2150000035762787	0.11917144060134888
position	2981108	12	0.21738889813423157	0.11794283986091614
position	2981853	12	0.2209722250699997	0.11548569053411484
position	2982585	12	0.2209722250699997	0.11180000007152557
position	2983315	12	0.22216665744781494	0.10934285074472427
position	2984073	12	0.22336111962795258	0.10811430215835571
position	2984810	12	0.2269444465637207	0.10565715283155441
position	2985528	12	0.2269444465637207	0.10197140276432037
position	2986310	12	0.2293333262205124	0.09951431304216385
position	2987757	12	0.23052778840065002	0.09705716371536255
position	2988726	12	0.23052778840065002	0.09582856297492981
position	2989936	12	0.23291665315628052	0.09582856297492981
position	2990689	12	0.23411111533641815	0.09214286506175995
position	2991468	12	0.2353055775165558	0.08968571573495865
position	2992154	12	0.2353055775165558	0.08477142453193665
position	2992921	12	0.23650000989437103	0.08354287594556808
position	2993613	12	0.23769444227218628	0.08231427520513535
position	2994435	12	0.2388889044523239	0.07985712587833405
position	2995113	12	0.24008333683013916	0.07617142796516418
position	2995895	12	0.24247223138809204	0.07248573750257492
position	2996627	12	0.24247223138809204	0.07002858817577362
position	2997376	12	0.2436666637659073	0.06879998743534088
position	2998090	12	0.2436666637659073	0.06511428952217102
position	2999554	12	0.24486111104488373	0.06265714019536972
position	3000295	12	0.24605555832386017	0.06019999459385872
position	3001022	12	0.24605555832386017	0.06019999459385872
position	3001786	12	0.24605555832386017	0.05897144600749016
position	3002517	12	0.2472500056028366	0.05774284526705742
position	3003256	12	0.2472500056028366	0.05528569966554642
position	3003992	12	0.2472500056028366	0.054057151079177856
position	3004732	12	0.24844443798065186	0.05282855033874512
position	3005459	12	0.2496389001607895	0.049142856150865555
position	3006184	12	0.2508333623409271	0.046685706824064255
position	3006961	12	0.2508333623409271	0.045457158237695694
position	3007660	12	0.2508333623409271	0.044228557497262955
position	3008410	12	0.2520277500152588	0.04300001263618469
position	3009214	12	0.2520277500152588	0.04177141189575195
position	3009916	12	0.2532222270965576	0.04054286330938339
position	3010621	12	0.2532222270965576	0.03931426256895065
position	3011380	12	0.25441667437553406	0.03440001979470253
position	3012142	12	0.25441667437553406	0.03071427159011364
position	3012844	12	0.2556111216545105	0.02825712412595749
position	3013665	12	0.2556111216545105	0.02825712412595749
position	3015071	12	0.2556111216545105	0.027028575539588928
position	3015793	12	0.2556111216545105	0.025799976661801338
position	3016533	12	0.25680556893348694	0.023342879489064217
position	3017305	12	0.25680556893348694	0.019657131284475327
position	3019503	12	0.25680556893348694	0.018428582698106766
position	3020243	12	0.25680556893348694	0.015971435233950615
position	3021706	12	0.2580000162124634	0.014742836356163025
position	3022436	12	0.2580000162124634	0.013514287769794464
position	3023230	12	0.2591944634914398	0.008599991910159588
position	3023922	12	0.2591944634914398	0.00614284398034215
position	3024678	12	0.26038888096809387	0.002457147929817438
position	3026156	12	0.26038888096809387	0
position	3026874	12	0.26038888096809387	-0.001228573964908719
position	3029131	12	0.2615833580493927	-0.001228573964908719
position	3029819	12	0.26516667008399963	-0.001228573964908719
position	3030575	12	0.26516667008399963	-0.004914295859634876
position	3031340	12	0.2675555348396301	-0.008599991910159588
position	3032077	12	0.2675555348396301	-0.012285714037716389
position	3032809	12	0.2675555348396301	-0.01474286150187254
position	3035765	12	0.26875001192092896	-0.015971435233950615
position	3036521	12	0.26875001192092896	-0.017200009897351265
position	3037229	12	0.2699444591999054	-0.018428582698106766
position	3038001	12	0.2735278010368347	-0.020885705947875977
position	3038702	12	0.27472221851348877	-0.024571428075432777
position	3039454	12	0.2759166657924652	-0.027028575539588928
position	3043140	12	0.27950000762939453	-0.028257150202989578
position	3043970	12	0.2842777967453003	-0.028257150202989578
position	3044595	12	0.2878611087799072	-0.03071429766714573
position	3045348	12	0.28905558586120605	-0.03562856838107109
position	3046082	12	0.2902500033378601	-0.04054286330938339
position	3046836	12	0.2902500033378601	-0.04300001263618469
position	3047554	12	0.29144445061683655	-0.045457132160663605
position	3051299	12	0.2902500033378601	-0.046685706824064255
position	3052015	12	0.29144445061683655	-0.047914281487464905
position	3052722	12	0.29144445061683655	-0.047914281487464905
position	3054202	12	0.292638897895813	-0.047914281487464905
position	3054925	12	0.292638897895813	-0.050371430814266205
position	3055679	12	0.292638897895813	-0.051600001752376556
position	3056454	12	0.292638897895813	-0.052828576415777206
position	3057213	12	0.29383334517478943	-0.055285725742578506
position	3060840	12	0.29383334517478943	-0.05897141993045807
position	3063020	12	0.29383334517478943	-0.06019999459385872
position	3064515	12	0.2950277626514435	-0.06019999459385872
position	3065291	12	0.2950277626514435	-0.06142856925725937
position	3065973	12	0.2950277626514435	-0.06265714019536972
position	3066742	12	0.2962222397327423	-0.06634286791086197
position	3067481	12	0.29741665720939636	-0.06880000978708267
position	3068189	12	0.29741665720939636	-0.07371428608894348
position	3069015	12	0.29741665720939636	-0.07494285702705383
position	3070391	12	0.2986111044883728	-0.07617142796516418
position	3071887	12	0.2986111044883728	-0.07862857729196548
position	3072620	12	0.2986111044883728	-0.07985715568065643
position	3073378	12	0.29980555176734924	-0.08231427520513535
position	3074140	12	0.29980555176734924	-0.085999995470047
position	3074879	12	0.3009999990463257	-0.08968571573495865
position	3075605	12	0.3009999990463257	-0.0909142941236496
position	3076324	12	0.3009999990463257	-0.0909142941236496
position	3077815	12	0.3009999990463257	-0.0933714434504509
position	3078558	12	0.3009999990463257	-0.09460001438856125
position	3079254	12	0.3009999990463257	-0.09460001438856125
position	3080750	12	0.3021944463253021	-0.09582856297492981
position	3081555	12	0.3021944463253021	-0.09705713391304016
position	3082230	12	0.3021944463253021	-0.10074286162853241
position	3082989	12	0.3021944463253021	-0.10320000350475311
position	3083712	12	0.30338889360427856	-0.10688573122024536
position	3084481	12	0.30338889360427856	-0.10934285074472427
position	3085180	12	0.30338889360427856	-0.10934285074472427
position	3086677	12	0.30338889360427856	-0.11057142168283463
position	3087435	12	0.30338889360427856	-0.11302857100963593
position	3088188	12	0.304583340883255	-0.11302857100963593
position	3089600	12	0.304583340883255	-0.11302857100963593
position	3090380	12	0.304583340883255	-0.11671429127454758
position	3091100	12	0.304583340883255	-0.11917144060134888
position	3091858	12	0.304583340883255	-0.12408570945262909
position	3092579	12	0.30577775835990906	-0.12777143716812134
position	3093342	12	0.30338889360427856	-0.13022857904434204
position	3094072	12	0.30338889360427856	-0.1314571499824524
position	3094849	12	0.304583340883255	-0.13268573582172394
position	3095543	12	0.30577775835990906	-0.1339142769575119
position	3097034	12	0.30577775835990906	-0.13514284789562225
position	3097744	12	0.3069722354412079	-0.1388285756111145
position	3098455	12	0.3069722354412079	-0.1412857174873352
position	3099227	12	0.3069722354412079	-0.14497144520282745
position	3099955	12	0.3069722354412079	-0.14619998633861542
position	3100710	12	0.30577775835990906	-0.14742857217788696
position	3101478	12	0.30577775835990906	-0.14742857217788696
position	3102169	12	0.3069722354412079	-0.14865714311599731
position	3102904	12	0.304583340883255	-0.14988571405410767
position	3103634	12	0.304583340883255	-0.15111428499221802
position	3104341	12	0.30577775835990906	-0.15602858364582062
position	3105125	12	0.30577775835990906	-0.16094285249710083
position	3105843	12	0.30577775835990906	-0.16462858021259308
position	3106617	12	0.30577775835990906	-0.16708572208881378
position	3107310	12	0.30577775835990906	-0.16831429302692413
position	3108054	12	0.304583340883255	-0.16831429302692413
position	3108813	12	0.304583340883255	-0.17322856187820435
position	3109570	12	0.30577775835990906	-0.1769142895936966
position	3110286	12	0.304583340883255	-0.18305715918540955
position	3111028	12	0.304583340883255	-0.18797142803668976
position	3111759	12	0.304583340883255	-0.191657155752182
position	3112498	12	0.304583340883255	-0.19288572669029236
position	3113266	12	0.304583340883255	-0.1941142976284027
position	3113990	12	0.304583340883255	-0.19534286856651306
position	3114720	12	0.304583340883255	-0.19657142460346222
position	3115451	12	0.30577775835990906	-0.20025713741779327
position	3116200	12	0.30577775835990906	-0.20517143607139587
position	3116945	12	0.30577775835990906	-0.20885713398456573
position	3117687	12	0.3069722354412079	-0.21254286170005798
position	3118413	12	0.3069722354412079	-0.2150000035762787
position	3119160	12	0.3069722354412079	-0.21622857451438904
position	3119863	12	0.3069722354412079	-0.21622857451438904
position	3122119	12	0.3069722354412079	-0.21622857451438904
position	3122818	12	0.3081666827201843	-0.21868570148944855
position	3123573	12	0.3069722354412079	-0.21868570148944855
position	3124346	12	0.3069722354412079	-0.2199143022298813
position	3125172	12	0.3069722354412079	-0.22360000014305115
position	3125816	12	0.3081666827201843	-0.22605714201927185
position	3126573	12	0.3081666827201843	-0.2297428697347641
position	3128004	12	0.30936112999916077	-0.22851428389549255
position	3128757	12	0.30936112999916077	-0.2297428697347641
position	3129460	12	0.3069722354412079	-0.23097144067287445
position	3130216	12	0.3069722354412079	-0.23097144067287445
position	3130962	12	0.3069722354412079	-0.23342858254909515
position	3131704	12	0.3081666827201843	-0.23834285140037537
position	3132435	12	0.30936112999916077	-0.24080000817775726
position	3133884	12	0.30936112999916077	-0.24202857911586761
position	3136836	12	0.30936112999916077	-0.24448572099208832
position	3137592	12	0.30936112999916077	-0.24448572099208832
position	3138354	12	0.3105555474758148	-0.24694287776947021
position	3139091	12	0.3105555474758148	-0.24940001964569092
position	3139888	12	0.3105555474758148	-0.253085732460022
position	3143504	12	0.3105555474758148	-0.253085732460022
position	3145042	12	0.31175002455711365	-0.25677141547203064
position	3147245	12	0.31175002455711365	-0.25677141547203064
position	3147929	12	0.31175002455711365	-0.2580000162124634
position	3148685	12	0.31175002455711365	-0.2580000162124634
position	3149395	12	0.31175002455711365	-0.25922855734825134
position	3150168	12	0.31175002455711365	-0.26168569922447205
position	3150904	12	0.31175002455711365	-0.26414287090301514
position	3151672	12	0.3129444420337677	-0.2653714418411255
position	3155316	12	0.31175002455711365	-0.26660001277923584
position	3156037	12	0.3105555474758148	-0.2678285837173462
position	3157552	12	0.31175002455711365	-0.2678285837173462
position	3158379	12	0.3129444420337677	-0.2678285837173462
position	3162700	12	0.3129444420337677	-0.26905715465545654
position	3164195	12	0.3129444420337677	-0.2702856957912445
position	3164904	12	0.3129444420337677	-0.27151429653167725
position	3165629	12	0.3129444420337677	-0.2727428376674652
position	3170115	12	0.3129444420337677	-0.2752000093460083
position	3170852	12	0.3129444420337677	-0.27642858028411865
position	3171567	12	0.3105555474758148	-0.277657151222229
position	3172301	12	0.3105555474758148	-0.28134286403656006
position	3173046	12	0.3105555474758148	-0.2837999761104584
position	3173777	12	0.3105555474758148	-0.2850285768508911
position	3175232	12	0.30936112999916077	-0.2850285768508911
position	3177465	12	0.30936112999916077	-0.28625714778900146
position	3178192	12	0.3105555474758148	-0.28871428966522217
position	3178951	12	0.30936112999916077	-0.28871428966522217
position	3179690	12	0.3069722354412079	-0.2899428606033325
position	3180438	12	0.304583340883255	-0.2924000024795532
position	3181164	12	0.3021944463253021	-0.2960857152938843
position	3181887	12	0.3009999990463257	-0.29977142810821533
position	3182641	12	0.2986111044883728	-0.3034571409225464
position	3183399	12	0.29741665720939636	-0.30468571186065674
position	3184160	12	0.29741665720939636	-0.30468571186065674
position	3184873	12	0.29741665720939636	-0.3059142827987671
position	3186355	12	0.29741665720939636	-0.30714288353919983
position	3187075	12	0.29741665720939636	-0.3083714246749878
position	3187834	12	0.2962222397327423	-0.30960002541542053
position	3188547	12	0.2950277626514435	-0.30960002541542053
position	3189289	12	0.2902500033378601	-0.31205716729164124
position	3190045	12	0.28547224402427673	-0.3157428503036499
position	3190762	12	0.2842777967453003	-0.31942856311798096
position	3191496	12	0.28308331966400146	-0.3206571638584137
position	3192250	12	0.28308331966400146	-0.3231143057346344
position	3192970	12	0.28069445490837097	-0.32434284687042236
position	3193715	12	0.28069445490837097	-0.3255714178085327
position	3195228	12	0.27950000762939453	-0.3255714178085327
position	3195936	12	0.27950000762939453	-0.32679998874664307
position	3196662	12	0.27950000762939453	-0.32679998874664307
position	3197439	12	0.27711111307144165	-0.3280285894870758
position	3198147	12	0.27472221851348877	-0.32925716042518616
position	3198882	12	0.27113890647888184	-0.3329428732395172
position	3199692	12	0.26875001192092896	-0.3353999853134155
position	3200358	12	0.26875001192092896	-0.33662858605384827
position	3201091	12	0.2675555348396301	-0.33785712718963623
position	3204818	12	0.2663611173629761	-0.33908572793006897
position	3205508	12	0.26277777552604675	-0.3403142988681793
position	3206277	12	0.2615833580493927	-0.3403142988681793
position	3207006	12	0.26038888096809387	-0.3415428698062897
position	3207745	12	0.2591944634914398	-0.3440000116825104
position	3209240	12	0.25680556893348694	-0.3464571237564087
position	3209956	12	0.2556111216545105	-0.3464571237564087
position	3212163	12	0.25680556893348694	-0.3464571237564087
position	3212899	12	0.25680556893348694	-0.34768572449684143
position	3216577	12	0.25441667437553406	-0.34768572449684143
position	3218057	12	0.25441667437553406	-0.34768572449684143
position	3218798	12	0.25441667437553406	-0.3489142954349518
position	3221014	12	0.25441667437553406	-0.3489142954349518
position	3221750	12	0.2520277500152588	-0.35014286637306213
position	3222521	12	0.2508333623409271	-0.35014286637306213
position	3223221	12	0.2496389001607895	-0.3513714373111725
position	3223984	12	0.2472500056028366	-0.3513714373111725
position	3224707	12	0.24605555832386017	-0.3538285791873932
position	3225450	12	0.24247223138809204	-0.35505715012550354
position	3226173	12	0.2412777692079544	-0.3562857210636139
position	3226943	12	0.2412777692079544	-0.3562857210636139
position	3238756	12	0.2388889044523239	-0.3562857210636139
position	3239478	12	0.2353055775165558	-0.3587428629398346
position	3240213	12	0.23291665315628052	-0.35997143387794495
position	3241008	12	0.23172225058078766	-0.3612000346183777
position	3241732	12	0.23052778840065002	-0.36242857575416565
position	3242432	12	0.2293333262205124	-0.36242857575416565
position	3243185	12	0.22813889384269714	-0.363657146692276
position	3243923	12	0.22574999928474426	-0.363657146692276
position	3244675	12	0.22574999928474426	-0.36488571763038635
position	3245401	12	0.22216665744781494	-0.3661142885684967
position	3246153	12	0.2209722250699997	-0.36734285950660706
position	3247609	12	0.21858333051204681	-0.3685714304447174
position	3248348	12	0.21738889813423157	-0.3685714304447174
position	3249091	12	0.21619446575641632	-0.3685714304447174
position	3252755	12	0.2150000035762787	-0.3685714304447174
position	3253540	12	0.21380557119846344	-0.3685714304447174
position	3254238	12	0.21141667664051056	-0.36980000138282776
position	3254995	12	0.21022221446037292	-0.36980000138282776
position	3255718	12	0.20783334970474243	-0.36980000138282776
position	3256461	12	0.2066388875246048	-0.3710285723209381
position	3257174	12	0.2066388875246048	-0.3710285723209381
position	3257918	12	0.2066388875246048	-0.37225717306137085
position	3263091	12	0.2042500078678131	-0.37225717306137085
position	3263798	12	0.2042500078678131	-0.37225717306137085
position	3264584	12	0.2006666511297226	-0.37225717306137085
position	3265312	12	0.19708332419395447	-0.3734857141971588
position	3266036	12	0.1923055648803711	-0.3734857141971588
position	3266795	12	0.18872223794460297	-0.3759428560733795
position	3267554	12	0.18752777576446533	-0.3783999979496002
position	3268257	12	0.18633334338665009	-0.37962856888771057
position	3276396	12	0.18633334338665009	-0.37962856888771057
position	3277114	12	0.18275000154972076	-0.38208574056625366
position	3277873	12	0.18036110699176788	-0.38454288244247437
position	3278624	12	0.177972212433815	-0.38822856545448303
position	3279338	12	0.177972212433815	-0.38822856545448303
position	3280075	12	0.177972212433815	-0.3894571363925934
position	3280842	12	0.1755833476781845	-0.3894571363925934
position	3282268	12	0.17438888549804688	-0.3894571363925934
position	3284490	12	0.17438888549804688	-0.3894571363925934
position	3285232	12	0.171999990940094	-0.3894571363925934
position	3285973	12	0.1696111261844635	-0.39068570733070374
position	3286739	12	0.16483333706855774	-0.39068570733070374
position	3287457	12	0.16244444251060486	-0.3919142782688141
position	3288168	12	0.16244444251060486	-0.3919142782688141
position	3288899	12	0.16124999523162842	-0.3931428790092468
position	3289658	12	0.16005556285381317	-0.3931428790092468
position	3290411	12	0.15886110067367554	-0.3931428790092468
position	3291856	12	0.15886110067367554	-0.3931428790092468
position	3292591	12	0.15647220611572266	-0.3943714499473572
position	3293333	12	0.15169444680213928	-0.3943714499473572
position	3294067	12	0.14691665768623352	-0.39560002088546753
position	3294811	12	0.14572222530841827	-0.39560002088546753
position	3295562	12	0.1433333307504654	-0.39560002088546753
position	3296301	12	0.13975000381469727	-0.39560002088546753
position	3297062	12	0.13975000381469727	-0.39560002088546753
position	3297750	12	0.13855555653572083	-0.39560002088546753
position	3298536	12	0.13616666197776794	-0.39560002088546753
position	3299250	12	0.13377776741981506	-0.39560002088546753
position	3300035	12	0.13138890266418457	-0.39560002088546753
position	3300733	12	0.13019444048404694	-0.39560002088546753
position	3302197	12	0.1290000081062317	-0.39560002088546753
position	3302947	12	0.1290000081062317	-0.39560002088546753
position	3303666	12	0.1266111135482788	-0.39560002088546753
position	3304441	12	0.12422221899032593	-0.39560002088546753
position	3305184	12	0.1206388846039772	-0.3943714499473572
position	3305942	12	0.11705555766820908	-0.3931428790092468
position	3306659	12	0.11586112529039383	-0.3931428790092468
position	3307372	12	0.11586112529039383	-0.3931428790092468
position	3308863	12	0.1122777909040451	-0.3919142782688141
position	3309633	12	0.10869443416595459	-0.3919142782688141
position	3310336	12	0.10511110723018646	-0.3894571363925934
position	3311065	12	0.10272221267223358	-0.38822856545448303
position	3311806	12	0.10152778029441833	-0.38822856545448303
position	3312587	12	0.09675001353025436	-0.3857714533805847
position	3313299	12	0.09555555135011673	-0.3857714533805847
position	3314778	12	0.0919722244143486	-0.3857714533805847
position	3315502	12	0.08838889002799988	-0.383314311504364
position	3316235	12	0.085999995470047	-0.38208574056625366
position	3317031	12	0.08480556309223175	-0.38208574056625366
position	3317714	12	0.08361110091209412	-0.3808571398258209
position	3318471	12	0.08002777397632599	-0.3808571398258209
position	3319214	12	0.0776389017701149	-0.37717142701148987
position	3319925	12	0.07405554503202438	-0.3759428560733795
position	3321408	12	0.07286111265420914	-0.3759428560733795
position	3322154	12	0.0716666728258133	-0.3759428560733795
position	3322886	12	0.06688888370990753	-0.3759428560733795
position	3323624	12	0.06449998915195465	-0.37225717306137085
position	3324354	12	0.0633055567741394	-0.3710285723209381
position	3325134	12	0.0633055567741394	-0.3710285723209381
position	3325834	12	0.0633055567741394	-0.3710285723209381
position	3327305	12	0.06211112067103386	-0.36980000138282776
position	3328051	12	0.06091666221618652	-0.36980000138282776
position	3328973	12	0.05852779000997543	-0.36734285950660706
position	3329525	12	0.0573333315551281	-0.36734285950660706
position	3330264	12	0.05494443699717522	-0.3661142885684967
position	3330991	12	0.05136110633611679	-0.36242857575416565
position	3331747	12	0.04897221177816391	-0.3587428629398346
position	3332469	12	0.047777775675058365	-0.3587428629398346
position	3333248	12	0.045388881117105484	-0.35505715012550354
position	3333942	12	0.04180555045604706	-0.35260000824928284
position	3334725	12	0.03941665589809418	-0.35014286637306213
position	3335433	12	0.03822221979498863	-0.34768572449684143
position	3336171	12	0.03583332523703575	-0.3464571237564087
position	3336887	12	0.034638889133930206	-0.3452285826206207
position	3337698	12	0.034638889133930206	-0.3415428698062897
position	3338341	12	0.032249994575977325	-0.3415428698062897
position	3339097	12	0.03105556033551693	-0.3403142988681793
position	3339855	12	0.029861100018024445	-0.33908572793006897
position	3340594	12	0.02866666577756405	-0.33662858605384827
position	3341324	12	0.02627776935696602	-0.3353999853134155
position	3342063	12	0.025083335116505623	-0.33171430230140686
position	3342807	12	0.023888900876045227	-0.32925716042518616
position	3343563	12	0.023888900876045227	-0.3280285894870758
position	3344278	12	0.021500006318092346	-0.32434284687042236
position	3345752	12	0.021500006318092346	-0.32188570499420166
position	3346514	12	0.02030554600059986	-0.32188570499420166
position	3347248	12	0.02030554600059986	-0.32188570499420166
position	3347971	12	0.015527780167758465	-0.31942856311798096
position	3348719	12	0.01313888467848301	-0.31697142124176025
position	3349449	12	0.01313888467848301	-0.31451427936553955
position	3350189	12	0.009555554948747158	-0.31205716729164124
position	3350962	12	0.008361120708286762	-0.30960002541542053
position	3353159	12	0.00716665992513299	-0.3083714246749878
position	3353859	12	0.005972225219011307	-0.30468571186065674
position	3354597	12	0.004777790512889624	-0.3009999990463257
position	3356862	12	0.002388895256444812	-0.29854288697242737
position	3357558	12	0	-0.29854288697242737
position	3358308	12	0	-0.29731428623199463
position	3359049	12	-0.0011944604339078069	-0.2948571443557739
position	3359800	12	-0.00238886964507401	-0.2899428606033325
position	3361251	12	-0.003583329962566495	-0.2874857485294342
position	3361989	12	-0.004777790512889624	-0.2874857485294342
position	3362768	12	-0.009555581025779247	-0.2850285768508911
position	3363471	12	-0.013138910755515099	-0.2837999761104584
position	3364220	12	-0.01433331985026598	-0.2825714349746704
position	3364943	12	-0.015527780167758465	-0.2801142930984497
position	3365706	12	-0.016722241416573524	-0.277657151222229
position	3366457	12	-0.019111109897494316	-0.27642858028411865
position	3367219	12	-0.0203055702149868	-0.2727428376674652
position	3367930	12	-0.022694440558552742	-0.27151429653167725
position	3368685	12	-0.023888900876045227	-0.26905715465545654
position	3369386	12	-0.023888900876045227	-0.2653714418411255
position	3370130	12	-0.027472231537103653	-0.2629142701625824
position	3370873	12	-0.028666691854596138	-0.2580000162124634
position	3371652	12	-0.028666691854596138	-0.2555428743362427
position	3372369	12	-0.029861100018024445	-0.25185713171958923
position	3373120	12	-0.032250020653009415	-0.24940001964569092
position	3373866	12	-0.03344443067908287	-0.24571427702903748
position	3374539	12	-0.034638889133930206	-0.24448572099208832
position	3375325	12	-0.03583335131406784	-0.24202857911586761
position	3376027	12	-0.03583335131406784	-0.24080000817775726
position	3376764	12	-0.037027761340141296	-0.23711428046226501
position	3377524	12	-0.03822221979498863	-0.23588573932647705
position	3378261	12	-0.039416681975126266	-0.23219998180866241
position	3378988	12	-0.04061109200119972	-0.2297428697347641
position	3379707	12	-0.04300001263618469	-0.2272857129573822
position	3380465	12	-0.04419441893696785	-0.2248285710811615
position	3381202	12	-0.045388881117105484	-0.222371444106102
position	3381910	12	-0.04658333957195282	-0.2174571454524994
position	3382664	12	-0.050166670233011246	-0.2150000035762787
position	3383428	12	-0.05255553871393204	-0.21131427586078644
position	3384143	12	-0.05255553871393204	-0.20885713398456573
position	3384898	12	-0.05375000089406967	-0.20517143607139587
position	3385639	12	-0.054944463074207306	-0.20271429419517517
position	3386367	12	-0.05852779000997543	-0.20025713741779327
position	3387113	12	-0.06091666221618652	-0.19779999554157257
position	3387857	12	-0.06091666221618652	-0.19288572669029236
position	3388569	12	-0.06091666221618652	-0.18797142803668976
position	3389316	12	-0.06091666221618652	-0.1867428570985794
position	3390101	12	-0.06211112067103386	-0.18551428616046906
position	3390831	12	-0.06211112067103386	-0.18551428616046906
position	3391599	12	-0.06569445133209229	-0.18551428616046906
position	3392277	12	-0.06808332353830338	-0.1818285882472992
position	3393027	12	-0.07047224044799805	-0.1769142895936966
position	3393742	12	-0.0716666504740715	-0.17322856187820435
position	3394535	12	-0.07286111265420914	-0.16954286396503448
position	3396682	12	-0.07524997740983963	-0.16708572208881378
position	3397454	12	-0.08002777397632599	-0.16339999437332153
position	3398154	12	-0.08241669088602066	-0.15971428155899048
position	3398972	12	-0.08480556309223175	-0.15480001270771027
position	3399640	12	-0.08600002527236938	-0.15234285593032837
position	3400424	12	-0.08719442784786224	-0.14742857217788696
position	3401109	12	-0.08719442784786224	-0.14742857217788696
position	3401881	12	-0.08958335220813751	-0.14619998633861542
position	3402588	12	-0.0919722244143486	-0.14619998633861542
position	3403396	12	-0.09316667914390564	-0.1437428742647171
position	3404061	12	-0.09316667914390564	-0.1437428742647171
position	3404835	12	-0.09555555135011673	-0.1412857174873352
position	3405533	12	-0.09675001353025436	-0.1388285756111145
position	3406295	12	-0.09794442355632782	-0.1363714188337326
position	3407026	12	-0.10152780264616013	-0.13514284789562225
position	3407781	12	-0.10391667485237122	-0.1314571499824524
position	3408501	12	-0.10630553960800171	-0.12777143716812134
position	3410010	12	-0.10750000178813934	-0.12777143716812134
position	3410753	12	-0.11108332872390747	-0.12531428039073944
position	3412924	12	-0.11347220093011856	-0.12285713851451874
position	3413730	12	-0.11347220093011856	-0.11671429127454758
position	3414400	12	-0.11586112529039383	-0.11180000007152557
position	3415149	12	-0.11824999004602432	-0.10934285074472427
position	3415906	12	-0.12063891440629959	-0.10565715283155441
position	3416645	12	-0.12183332443237305	-0.10197143256664276
position	3417391	12	-0.12302777916193008	-0.09705713391304016
position	3418114	12	-0.12780557572841644	-0.09705713391304016
position	3418850	12	-0.13019444048404694	-0.09460001438856125
position	3419636	12	-0.13019444048404694	-0.0909142941236496
position	3420299	12	-0.13258330523967743	-0.0909142941236496
position	3421068	12	-0.13616669178009033	-0.08968571573495865
position	3421809	12	-0.13975001871585846	-0.085999995470047
position	3422537	12	-0.1433333456516266	-0.07985715568065643
position	3423280	12	-0.1433333456516266	-0.07740000635385513
position	3423998	12	-0.1433333456516266	-0.07617142796516418
position	3424764	12	-0.14452776312828064	-0.07617142796516418
position	3425481	12	-0.14452776312828064	-0.07617142796516418
position	3426241	12	-0.14811109006404877	-0.07617142796516418
position	3426960	12	-0.15050001442432404	-0.07248570770025253
position	3427738	12	-0.15408334136009216	-0.06757143884897232
position	3428475	12	-0.1552778035402298	-0.06511428952217102
position	3429190	12	-0.15886113047599792	-0.06142856925725937
position	3429920	12	-0.16005554795265198	-0.056514300405979156
position	3430671	12	-0.16124999523162842	-0.055285725742578506
position	3431369	12	-0.16244445741176605	-0.055285725742578506
position	3432122	12	-0.16602779924869537	-0.054057151079177856
position	3432841	12	-0.1696111261844635	-0.050371430814266205
position	3433573	12	-0.171999990940094	-0.047914281487464905
position	3434311	12	-0.17319445312023163	-0.045457132160663605
position	3435073	12	-0.17319445312023163	-0.044228583574295044
position	3435813	12	-0.17677778005599976	-0.04300001263618469
position	3436538	12	-0.1779722422361374	-0.03931428864598274
position	3437266	12	-0.1779722422361374	-0.03562856838107109
position	3438016	12	-0.17916665971279144	-0.03194284439086914
position	3438765	12	-0.18036110699176788	-0.027028575539588928
position	3441012	12	-0.18155556917190552	-0.024571428075432777
position	3441731	12	-0.18274998664855957	-0.023342853412032127
position	3442471	12	-0.18274998664855957	-0.018428582698106766
position	3443193	12	-0.1863333135843277	-0.015971435233950615
position	3443928	12	-0.1899167001247406	-0.013514287769794464
position	3444677	12	-0.1946944296360016	-0.011057139374315739
position	3445398	12	-0.19708335399627686	-0.0073714181780815125
position	3446151	12	-0.19708335399627686	-0.004914295859634876
position	3446880	12	-0.19708335399627686	-0.004914295859634876
position	3447610	12	-0.19708335399627686	-0.003685721894726157
position	3448408	12	-0.19708335399627686	-0.003685721894726157
position	3449094	12	-0.19947221875190735	-0.001228573964908719
position	3449843	12	-0.19947221875190735	0.0012285483535379171
position	3450606	12	-0.19947221875190735	0.002457147929817438
position	3451350	12	-0.19947221875190735	0.0036856962833553553
position	3452036	12	-0.19947221875190735	0.004914295859634876
position	3452792	12	-0.20066668093204498	0.00614284398034215
position	3453548	12	-0.20186109840869904	0.007371443789452314
position	3454299	12	-0.20305556058883667	0.007371443789452314
position	3455055	12	-0.20305556058883667	0.009828591719269753
position	3457980	12	-0.2042500078678131	0.012285739183425903
position	3458702	12	-0.2066388875246048	0.014742836356163025
position	3459442	12	-0.2066388875246048	0.018428582698106766
position	3460178	12	-0.20783334970474243	0.020885732024908066
position	3460921	12	-0.20783334970474243	0.024571428075432777
position	3464624	12	-0.20902779698371887	0.027028575539588928
position	3465325	12	-0.21141667664051056	0.03071427159011364
position	3466080	12	-0.21141667664051056	0.03562856838107109
position	3466869	12	-0.2126111388206482	0.03808571398258209
position	3467579	12	-0.2126111388206482	0.04054286330938339
position	3468326	12	-0.21380554139614105	0.04177141189575195
position	3471226	12	-0.21380554139614105	0.04177141189575195
position	3472007	12	-0.21380554139614105	0.04300001263618469
position	3472725	12	-0.21380554139614105	0.045457158237695694
position	3473472	12	-0.2150000035762787	0.049142856150865555
position	3476456	12	-0.21619446575641632	0.050371453166007996
position	3477172	12	-0.21619446575641632	0.050371453166007996
position	3477901	12	-0.21738886833190918	0.054057151079177856
position	3478631	12	-0.21858333051204681	0.05774284526705742
position	3479366	12	-0.21858333051204681	0.05774284526705742
position	3480826	12	-0.21858333051204681	0.05774284526705742
position	3482345	12	-0.21977779269218445	0.05897144600749016
position	3483073	12	-0.21977779269218445	0.06265714019536972
position	3483802	12	-0.2209722101688385	0.06388568878173828
position	3484558	12	-0.2209722101688385	0.06634283810853958
position	3485267	12	-0.2209722101688385	0.06757143884897232
position	3486006	12	-0.22216665744781494	0.06879998743534088
position	3488200	12	-0.22216665744781494	0.06879998743534088
position	3488963	12	-0.22216665744781494	0.07002858817577362
position	3489678	12	-0.22336111962795258	0.07248573750257492
position	3490431	12	-0.2245555818080902	0.07371428608894348
position	3491176	12	-0.22574999928474426	0.07494287937879562
position	3491915	12	-0.22813890874385834	0.07617142796516418
position	3492618	12	-0.23052778840065002	0.07617142796516418
position	3494100	12	-0.2293333262205124	0.07739997655153275
position	3494873	12	-0.2269444465637207	0.07862857729196548
position	3495621	12	-0.22574999928474426	0.07985712587833405
position	3496353	12	-0.2293333262205124	0.08354287594556808
position	3497088	12	-0.23172225058078766	0.08477142453193665
position	3497825	12	-0.23172225058078766	0.08600002527236938
position	3498617	12	-0.23291665315628052	0.08600002527236938
position	3500815	12	-0.23172225058078766	0.08600002527236938
position	3501519	12	-0.23172225058078766	0.08722857385873795
position	3502337	12	-0.23411111533641815	0.09091426432132721
position	3502981	12	-0.2353055775165558	0.09460001438856125
position	3503762	12	-0.23411111533641815	0.09582856297492981
position	3504471	12	-0.2353055775165558	0.09582856297492981
position	3505213	12	-0.23649998009204865	0.09828571230173111
position	3507507	12	-0.23769444227218628	0.09828571230173111
position	3508201	12	-0.2388889044523239	0.10197140276432037
position	3508912	12	-0.2388889044523239	0.10320000350475311
position	3509612	12	-0.2388889044523239	0.10565715283155441
position	3510363	12	-0.23649998009204865	0.10688570141792297
position	3511110	12	-0.23649998009204865	0.10811430215835571
position	3512566	12	-0.23769444227218628	0.11057145148515701
position	3514814	12	-0.23769444227218628	0.11057145148515701
position	3515581	12	-0.23769444227218628	0.11425714194774628
position	3516264	12	-0.23769444227218628	0.11671429127454758
position	3517098	12	-0.23769444227218628	0.11794283986091614
position	3518517	12	-0.23769444227218628	0.11794283986091614
position	3519216	12	-0.2388889044523239	0.11917144060134888
position	3519960	12	-0.24008330702781677	0.11917144060134888
position	3520708	12	-0.2412777692079544	0.11917144060134888
position	3521439	12	-0.2412777692079544	0.11917144060134888
position	3522193	12	-0.2412777692079544	0.12408573925495148
position	3522932	12	-0.2412777692079544	0.12531428039073944
position	3523661	12	-0.2412777692079544	0.1265428364276886
position	3530299	12	-0.2412777692079544	0.12777143716812134
position	3531019	12	-0.24247223138809204	0.1289999783039093
position	3534725	12	-0.24247223138809204	0.13022857904434204
position	3535465	12	-0.24366669356822968	0.1314571350812912
position	3536221	12	-0.24366669356822968	0.13268573582172394
position	3536956	12	-0.24366669356822968	0.13514287769794464
position	3538427	12	-0.24486111104488373	0.13514287769794464
position	3539152	12	-0.24486111104488373	0.1363714188337326
position	3539879	12	-0.24486111104488373	0.1363714188337326
position	3541404	12	-0.24486111104488373	0.1388285756111145
position	3542104	12	-0.24486111104488373	0.14005711674690247
position	3542902	12	-0.24486111104488373	0.1412857174873352
position	3543600	12	-0.24605555832386017	0.1437428742647171
position	3544364	12	-0.2472500205039978	0.14497141540050507
position	3547245	12	-0.2472500205039978	0.14497141540050507
position	3548760	12	-0.2472500205039978	0.1486571580171585
position	3549495	12	-0.2472500205039978	0.14988571405410767
position	3550269	12	-0.2472500205039978	0.1511143147945404
position	3550962	12	-0.24844443798065186	0.15234285593032837
position	3551721	12	-0.2496389001607895	0.15234285593032837
position	3552472	12	-0.2508333623409271	0.15234285593032837
position	3553173	12	-0.2520277500152588	0.15234285593032837
position	3553919	12	-0.2520277500152588	0.15480001270771027
position	3554681	12	-0.2520277500152588	0.15602855384349823
position	3555429	12	-0.2520277500152588	0.15725715458393097
position	3556154	12	-0.2532222270965576	0.15725715458393097
position	3558343	12	-0.25441667437553406	0.15971431136131287
position	3559099	12	-0.25441667437553406	0.15848571062088013
position	3559817	12	-0.25441667437553406	0.15848571062088013
position	3561316	12	-0.25441667437553406	0.15971431136131287
position	3562094	12	-0.25441667437553406	0.16094285249710083
position	3565886	12	-0.2556110918521881	0.16094285249710083
