position	2040203	15	0.2878611087799072	0.21131430566310883
position	2180682	15	0.2556111216545105	0.08354287594556808
position	2181424	15	0.26277777552604675	0.09582856297492981
position	2182191	15	0.26516667008399963	0.09582856297492981
position	2185840	15	0.2675555348396301	0.09460001438856125
position	2187318	15	0.2675555348396301	0.09460001438856125
position	2188796	15	0.26875001192092896	0.09337141364812851
position	2189523	15	0.26875001192092896	0.09337141364812851
position	2190284	15	0.26875001192092896	0.09214286506175995
position	2191716	15	0.2699444591999054	0.09214286506175995
position	2192499	15	0.27113890647888184	0.09214286506175995
position	2193283	15	0.2723333239555359	0.09091426432132721
position	2193986	15	0.2735278010368347	0.08845716714859009
position	2194695	15	0.27711111307144165	0.08722857385873795
position	2195452	15	0.28069445490837097	0.08722857385873795
position	2197655	15	0.28069445490837097	0.08600002527236938
position	2198393	15	0.28308331966400146	0.08600002527236938
position	2199136	15	0.2842777967453003	0.08477142453193665
position	2199879	15	0.2842777967453003	0.08477142453193665
position	2201323	15	0.2842777967453003	0.08477142453193665
position	2202838	15	0.2866666615009308	0.08354287594556808
position	2203571	15	0.2878611087799072	0.08354287594556808
position	2204305	15	0.2878611087799072	0.08231427520513535
position	2207242	15	0.28905558586120605	0.08231427520513535
position	2208740	15	0.2902500033378601	0.08108572661876678
position	2209496	15	0.2902500033378601	0.08108572661876678
position	2210253	15	0.29144445061683655	0.07985712587833405
position	2210991	15	0.29144445061683655	0.07862857729196548
position	2214636	15	0.292638897895813	0.07862857729196548
position	2215397	15	0.29383334517478943	0.07862857729196548
position	2216106	15	0.29383334517478943	0.07739997655153275
position	2216912	15	0.2950277626514435	0.07617142796516418
position	2217580	15	0.2950277626514435	0.07494287937879562
position	2218315	15	0.2962222397327423	0.07494287937879562
position	2221250	15	0.29741665720939636	0.07371428608894348
position	2221997	15	0.2986111044883728	0.07125713676214218
position	2222768	15	0.29980555176734924	0.07125713676214218
position	2223472	15	0.29980555176734924	0.07002858817577362
position	2225709	15	0.3009999990463257	0.07002858817577362
position	2226454	15	0.3009999990463257	0.06879998743534088
position	2227234	15	0.3009999990463257	0.06757143884897232
position	2227920	15	0.3021944463253021	0.06634283810853958
position	2228677	15	0.30338889360427856	0.06511428952217102
position	2229435	15	0.30338889360427856	0.06265714019536972
position	2230854	15	0.304583340883255	0.06142859533429146
position	2231630	15	0.304583340883255	0.06019999459385872
position	2232340	15	0.30577775835990906	0.05897144600749016
position	2233112	15	0.30577775835990906	0.05774284526705742
position	2233832	15	0.3069722354412079	0.05774284526705742
position	2234556	15	0.3081666827201843	0.056514300405979156
position	2235293	15	0.3081666827201843	0.05528569966554642
position	2236052	15	0.3081666827201843	0.05282855033874512
position	2239021	15	0.30936112999916077	0.051600001752376556
position	2241923	15	0.30936112999916077	0.050371453166007996
position	2242691	15	0.30936112999916077	0.049142856150865555
position	2243423	15	0.3105555474758148	0.047914307564496994
position	2244138	15	0.3105555474758148	0.044228557497262955
position	2244878	15	0.3105555474758148	0.04300001263618469
position	2245634	15	0.3105555474758148	0.04177141189575195
position	2246386	15	0.31175002455711365	0.04177141189575195
position	2247115	15	0.3129444420337677	0.04054286330938339
position	2247857	15	0.3129444420337677	0.03931426256895065
position	2248588	15	0.31413888931274414	0.03685716539621353
position	2249327	15	0.31413888931274414	0.03562856838107109
position	2250082	15	0.3177222013473511	0.03440001979470253
position	2250853	15	0.3189166784286499	0.03317141905426979
position	2251568	15	0.3213055431842804	0.03317141905426979
position	2253768	15	0.3213055431842804	0.03194287046790123
position	2254551	15	0.32249999046325684	0.03071427159011364
position	2255244	15	0.32249999046325684	0.027028575539588928
position	2258171	15	0.32249999046325684	0.024571428075432777
position	2258892	15	0.32249999046325684	0.022114278748631477
position	2260392	15	0.32369446754455566	0.019657131284475327
position	2261145	15	0.32369446754455566	0.015971435233950615
position	2262591	15	0.3248889148235321	0.012285739183425903
position	2265543	15	0.3248889148235321	0.009828591719269753
position	2266301	15	0.3248889148235321	0.007371443789452314
position	2267042	15	0.3248889148235321	0.00614284398034215
position	2267789	15	0.3248889148235321	0.004914295859634876
position	2268545	15	0.3248889148235321	0.0036856962833553553
position	2269287	15	0.32369446754455566	0
position	2269987	15	0.32369446754455566	-0.001228573964908719
position	2270754	15	0.32369446754455566	-0.003685721894726157
position	2271466	15	0.32249999046325684	-0.008599991910159588
position	2272203	15	0.32249999046325684	-0.012285714037716389
position	2272913	15	0.32249999046325684	-0.015971435233950615
position	2273671	15	0.32369446754455566	-0.019657131284475327
position	2274422	15	0.3213055431842804	-0.024571428075432777
position	2275173	15	0.32011109590530396	-0.028257150202989578
position	2275872	15	0.3189166784286499	-0.03194284439086914
position	2276741	15	0.3189166784286499	-0.03562856838107109
position	2277381	15	0.316527783870697	-0.03808571398258209
position	2278120	15	0.316527783870697	-0.04177143797278404
position	2278822	15	0.316527783870697	-0.046685706824064255
position	2279597	15	0.316527783870697	-0.050371430814266205
position	2280314	15	0.31413888931274414	-0.054057151079177856
position	2281075	15	0.31413888931274414	-0.056514300405979156
position	2281789	15	0.31413888931274414	-0.06019999459385872
position	2282545	15	0.31413888931274414	-0.06142856925725937
position	2283255	15	0.31175002455711365	-0.06388571858406067
position	2284002	15	0.31175002455711365	-0.06634286791086197
position	2284712	15	0.31175002455711365	-0.06757143884897232
position	2285474	15	0.3105555474758148	-0.07125713676214218
position	2286213	15	0.3105555474758148	-0.07494285702705383
position	2286999	15	0.3081666827201843	-0.07740000635385513
position	2287702	15	0.30936112999916077	-0.08108572661876678
position	2288433	15	0.3081666827201843	-0.0835428461432457
position	2289155	15	0.3069722354412079	-0.08722857385873795
position	2289919	15	0.304583340883255	-0.0909142941236496
position	2290658	15	0.304583340883255	-0.09582856297492981
position	2291348	15	0.304583340883255	-0.09951428323984146
position	2292104	15	0.30338889360427856	-0.10320000350475311
position	2292882	15	0.3021944463253021	-0.10442858189344406
position	2293567	15	0.3009999990463257	-0.10934285074472427
position	2294344	15	0.29980555176734924	-0.11180000007152557
position	2295081	15	0.29980555176734924	-0.11425714194774628
position	2295797	15	0.29741665720939636	-0.11794286966323853
position	2296533	15	0.2962222397327423	-0.12285713851451874
position	2297277	15	0.2962222397327423	-0.12285713851451874
position	2298008	15	0.2950277626514435	-0.12777143716812134
position	2298749	15	0.2950277626514435	-0.1314571499824524
position	2299512	15	0.292638897895813	-0.13268573582172394
position	2300983	15	0.29383334517478943	-0.13268573582172394
position	2301710	15	0.29144445061683655	-0.13514284789562225
position	2302451	15	0.29144445061683655	-0.13514284789562225
position	2303175	15	0.28905558586120605	-0.1388285756111145
position	2303929	15	0.2878611087799072	-0.14251428842544556
position	2304649	15	0.2842777967453003	-0.14619998633861542
position	2305410	15	0.2783055603504181	-0.14865714311599731
position	2306175	15	0.2759166657924652	-0.15357144176959991
position	2306857	15	0.2759166657924652	-0.15602858364582062
position	2307598	15	0.2759166657924652	-0.15971428155899048
position	2308350	15	0.27113890647888184	-0.16462858021259308
position	2309096	15	0.2663611173629761	-0.16954286396503448
position	2309814	15	0.26516667008399963	-0.16954286396503448
position	2310530	15	0.26516667008399963	-0.17322856187820435
position	2311326	15	0.26277777552604675	-0.1744571477174759
position	2312031	15	0.26277777552604675	-0.17568571865558624
position	2312755	15	0.26038888096809387	-0.1769142895936966
position	2313522	15	0.2580000162124634	-0.1793714314699173
position	2314265	15	0.25441667437553406	-0.1842857003211975
position	2315012	15	0.2520277500152588	-0.18551428616046906
position	2315732	15	0.2496389001607895	-0.1891999989748001
position	2316461	15	0.2472500056028366	-0.1891999989748001
position	2317289	15	0.2436666637659073	-0.19288572669029236
position	2317955	15	0.2388889044523239	-0.19534286856651306
position	2318751	15	0.23650000989437103	-0.19902856647968292
position	2319421	15	0.2353055775165558	-0.20148572325706482
position	2320149	15	0.23172225058078766	-0.20394286513328552
position	2320892	15	0.2293333262205124	-0.20517143607139587
position	2321628	15	0.22455555200576782	-0.20885713398456573
position	2322345	15	0.21977779269218445	-0.21254286170005798
position	2323109	15	0.2150000035762787	-0.2150000035762787
position	2323855	15	0.21141667664051056	-0.2174571454524994
position	2324617	15	0.20902778208255768	-0.2199143022298813
position	2325317	15	0.20186111330986023	-0.22360000014305115
position	2326057	15	0.19708332419395447	-0.22605714201927185
position	2326793	15	0.19469445943832397	-0.2297428697347641
position	2327534	15	0.19349999725818634	-0.23097144067287445
position	2328274	15	0.1899166703224182	-0.2346571385860443
position	2329004	15	0.18752777576446533	-0.23588573932647705
position	2329746	15	0.18633334338665009	-0.23834285140037537
position	2330501	15	0.18275000154972076	-0.2395714372396469
position	2331237	15	0.18155555427074432	-0.24080000817775726
position	2331953	15	0.17916667461395264	-0.24202857911586761
position	2332691	15	0.177972212433815	-0.24202857911586761
position	2333470	15	0.171999990940094	-0.24325715005397797
position	2334184	15	0.16841666400432587	-0.24448572099208832
position	2334908	15	0.1636389046907425	-0.24694287776947021
position	2335665	15	0.15886110067367554	-0.24940001964569092
position	2336374	15	0.1552777737379074	-0.2506285607814789
position	2337136	15	0.15288887917995453	-0.25185713171958923
position	2337892	15	0.15050001442432404	-0.253085732460022
position	2338607	15	0.14572222530841827	-0.2555428743362427
position	2339351	15	0.13855555653572083	-0.2555428743362427
position	2340115	15	0.13377776741981506	-0.25677141547203064
position	2341559	15	0.13138890266418457	-0.25677141547203064
position	2342307	15	0.13019444048404694	-0.25677141547203064
position	2343052	15	0.12780554592609406	-0.2580000162124634
position	2343753	15	0.12780554592609406	-0.2580000162124634
position	2344514	15	0.12541668117046356	-0.2580000162124634
position	2345339	15	0.1206388846039772	-0.26168569922447205
position	2345998	15	0.11824999004602432	-0.2653714418411255
position	2346727	15	0.1146666631102562	-0.26660001277923584
position	2347533	15	0.11347222328186035	-0.26660001277923584
position	2348210	15	0.1122777909040451	-0.26660001277923584
position	2348948	15	0.10750000178813934	-0.26660001277923584
position	2349688	15	0.10511110723018646	-0.26660001277923584
position	2350451	15	0.10152778029441833	-0.2678285837173462
position	2351220	15	0.09913887828588486	-0.2678285837173462
position	2351899	15	0.09436111897230148	-0.2678285837173462
position	2352624	15	0.08958332985639572	-0.2678285837173462
position	2353367	15	0.08838889002799988	-0.2678285837173462
position	2354113	15	0.085999995470047	-0.2678285837173462
position	2354864	15	0.08241666853427887	-0.2678285837173462
position	2355600	15	0.0776389017701149	-0.2653714418411255
position	2356334	15	0.07405554503202438	-0.2653714418411255
position	2357143	15	0.07047221809625626	-0.26660001277923584
position	2357800	15	0.06449998915195465	-0.2653714418411255
position	2358551	15	0.0573333315551281	-0.2629142701625824
position	2359268	15	0.05494443699717522	-0.2629142701625824
position	2360028	15	0.05375000089406967	-0.2629142701625824
position	2360767	15	0.05255556479096413	-0.2629142701625824
position	2361485	15	0.04897221177816391	-0.2604571580886841
position	2362233	15	0.045388881117105484	-0.25922855734825134
position	2362978	15	0.04061111435294151	-0.2580000162124634
position	2363719	15	0.03822221979498863	-0.25677141547203064
position	2364465	15	0.034638889133930206	-0.2555428743362427
position	2365237	15	0.032249994575977325	-0.25185713171958923
position	2365900	15	0.02866666577756405	-0.2506285607814789
position	2366678	15	0.023888900876045227	-0.24817141890525818
position	2367416	15	0.019111109897494316	-0.24571427702903748
position	2368161	15	0.016722215339541435	-0.24202857911586761
position	2368869	15	0.01313888467848301	-0.2395714372396469
position	2369594	15	0.008361120708286762	-0.23711428046226501
position	2370332	15	0.003583329962566495	-0.23342858254909515
position	2371097	15	-0.003583329962566495	-0.2297428697347641
position	2371852	15	-0.008361120708286762	-0.2248285710811615
position	2372666	15	-0.011944450438022614	-0.222371444106102
position	2373276	15	-0.01433331985026598	-0.21868570148944855
position	2374095	15	-0.01791664958000183	-0.2150000035762787
position	2374785	15	-0.0203055702149868	-0.21377143263816833
position	2375526	15	-0.025083309039473534	-0.21131427586078644
position	2376229	15	-0.029861100018024445	-0.20762859284877777
position	2377027	15	-0.03583335131406784	-0.20394286513328552
position	2377739	15	-0.039416681975126266	-0.20025713741779327
position	2378482	15	-0.04300001263618469	-0.19779999554157257
position	2379214	15	-0.04658333957195282	-0.1941142976284027
position	2379932	15	-0.04897221177816391	-0.191657155752182
position	2380696	15	-0.05375000089406967	-0.18797142803668976
position	2381420	15	-0.05972220003604889	-0.18305715918540955
position	2382180	15	-0.06569445133209229	-0.1793714314699173
position	2382923	15	-0.07047224044799805	-0.1744571477174759
position	2383639	15	-0.07524997740983963	-0.16954286396503448
position	2384372	15	-0.0776389017701149	-0.16585715115070343
position	2385092	15	-0.08241669088602066	-0.16339999437332153
position	2385899	15	-0.08600002527236938	-0.15725715458393097
position	2386570	15	-0.09077776223421097	-0.15480001270771027
position	2387333	15	-0.09316667914390564	-0.14988571405410767
position	2388037	15	-0.09675001353025436	-0.14497144520282745
position	2388798	15	-0.10152780264616013	-0.14251428842544556
position	2389532	15	-0.10391667485237122	-0.14005714654922485
position	2390258	15	-0.10750000178813934	-0.1363714188337326
position	2391045	15	-0.11108332872390747	-0.1339142769575119
position	2391798	15	-0.11705558001995087	-0.13022857904434204
position	2392486	15	-0.12183332443237305	-0.126542866230011
position	2393231	15	-0.1266111135482788	-0.12408570945262909
position	2393981	15	-0.13019444048404694	-0.12039998918771744
position	2394685	15	-0.13258330523967743	-0.11794286966323853
position	2395454	15	-0.13736110925674438	-0.11548572033643723
position	2396176	15	-0.1433333456516266	-0.11180000007152557
position	2396933	15	-0.1493055522441864	-0.10565715283155441
position	2397655	15	-0.15288887917995453	-0.10074286162853241
position	2398390	15	-0.15647220611572266	-0.09828571230173111
position	2399130	15	-0.16124999523162842	-0.09460001438856125
position	2399883	15	-0.16602779924869537	-0.08968571573495865
position	2400627	15	-0.171999990940094	-0.08722857385873795
position	2401350	15	-0.1779722422361374	-0.08231427520513535
position	2402082	15	-0.1839444488286972	-0.07985715568065643
position	2402822	15	-0.18872223794460297	-0.07862857729196548
position	2403564	15	-0.1923055648803711	-0.07494285702705383
position	2404317	15	-0.19588889181613922	-0.07248570770025253
position	2405019	15	-0.20066668093204498	-0.07002855837345123
position	2405782	15	-0.20305556058883667	-0.07002855837345123
position	2406513	15	-0.20783334970474243	-0.06880000978708267
position	2407273	15	-0.2150000035762787	-0.06634286791086197
position	2407990	15	-0.22216665744781494	-0.06511428952217102
position	2408734	15	-0.2269444465637207	-0.06388571858406067
position	2409465	15	-0.23291665315628052	-0.06388571858406067
position	2410224	15	-0.2388889044523239	-0.06142856925725937
position	2410920	15	-0.24605555832386017	-0.06142856925725937
position	2411696	15	-0.2520277500152588	-0.06142856925725937
position	2412425	15	-0.2580000162124634	-0.06142856925725937
position	2413188	15	-0.2615833580493927	-0.06142856925725937
position	2413893	15	-0.2675555348396301	-0.05897141993045807
position	2414748	15	-0.2723333239555359	-0.06019999459385872
position	2415376	15	-0.27711111307144165	-0.06019999459385872
position	2416122	15	-0.2818889021873474	-0.06019999459385872
position	2416841	15	-0.2842777967453003	-0.06019999459385872
position	2417604	15	-0.2878611087799072	-0.06142856925725937
position	2418348	15	-0.292638897895813	-0.06142856925725937
position	2419098	15	-0.2986111044883728	-0.06265714019536972
position	2419826	15	-0.3021944463253021	-0.06388571858406067
position	2420545	15	-0.3093611001968384	-0.06757143884897232
position	2421264	15	-0.3153333365917206	-0.07002855837345123
position	2422027	15	-0.32369446754455566	-0.07371428608894348
position	2422771	15	-0.32847219705581665	-0.07740000635385513
position	2423515	15	-0.3332499861717224	-0.08108572661876678
position	2424218	15	-0.339222252368927	-0.08477142453193665
position	2424972	15	-0.343999981880188	-0.0884571447968483
position	2425717	15	-0.34877777099609375	-0.0933714434504509
position	2426474	15	-0.351166695356369	-0.09828571230173111
position	2427189	15	-0.35236111283302307	-0.10074286162853241
position	2427921	15	-0.35713890194892883	-0.10442858189344406
position	2428657	15	-0.3595277667045593	-0.10811427235603333
position	2429439	15	-0.3619166910648346	-0.11057142168283463
position	2430125	15	-0.36311110854148865	-0.11425714194774628
position	2430861	15	-0.3643055558204651	-0.11548572033643723
position	2431618	15	-0.3666944205760956	-0.11794286966323853
position	2432382	15	-0.36908334493637085	-0.11917144060134888
position	2433108	15	-0.3702777922153473	-0.12162856012582779
position	2433823	15	-0.3702777922153473	-0.12285713851451874
position	2434593	15	-0.37266668677330017	-0.12531428039073944
position	2435300	15	-0.3738611340522766	-0.12777143716812134
position	2436064	15	-0.37744447588920593	-0.13022857904434204
position	2436819	15	-0.3798333406448364	-0.1314571499824524
position	2440474	15	-0.38102778792381287	-0.1339142769575119
position	2441207	15	-0.38341665267944336	-0.13514284789562225
position	2441947	15	-0.3881944417953491	-0.1363714188337326
position	2442686	15	-0.390583336353302	-0.1363714188337326
position	2443423	15	-0.390583336353302	-0.13760000467300415
position	2444167	15	-0.39177778363227844	-0.14005714654922485
position	2444918	15	-0.39177778363227844	-0.1412857174873352
position	2445649	15	-0.39177778363227844	-0.1437428742647171
position	2446363	15	-0.39297226071357727	-0.14497144520282745
position	2447134	15	-0.39416664838790894	-0.14865714311599731
position	2447848	15	-0.39536112546920776	-0.15234285593032837
position	2448589	15	-0.39536112546920776	-0.15357144176959991
position	2449318	15	-0.39536112546920776	-0.15848571062088013
position	2450064	15	-0.39536112546920776	-0.16094285249710083
position	2450834	15	-0.3965555727481842	-0.16462858021259308
position	2451577	15	-0.3965555727481842	-0.16831429302692413
position	2452271	15	-0.3965555727481842	-0.171999990940094
position	2453027	15	-0.3965555727481842	-0.1769142895936966
position	2453789	15	-0.3965555727481842	-0.1793714314699173
position	2454488	15	-0.39774999022483826	-0.1818285882472992
position	2455247	15	-0.39774999022483826	-0.1842857003211975
position	2456005	15	-0.39774999022483826	-0.18551428616046906
position	2456719	15	-0.39774999022483826	-0.1867428570985794
position	2457456	15	-0.39774999022483826	-0.1891999989748001
position	2458199	15	-0.39774999022483826	-0.19042856991291046
position	2458992	15	-0.39774999022483826	-0.19288572669029236
position	2459720	15	-0.39774999022483826	-0.19657142460346222
position	2460383	15	-0.39774999022483826	-0.19657142460346222
position	2461143	15	-0.39536112546920776	-0.20025713741779327
position	2461923	15	-0.39416664838790894	-0.20271429419517517
position	2462613	15	-0.39416664838790894	-0.20640000700950623
position	2463359	15	-0.39297226071357727	-0.2100857049226761
position	2464105	15	-0.390583336353302	-0.21377143263816833
position	2464872	15	-0.390583336353302	-0.21622857451438904
position	2465552	15	-0.38938891887664795	-0.21868570148944855
position	2466296	15	-0.38938891887664795	-0.222371444106102
position	2467100	15	-0.390583336353302	-0.2248285710811615
position	2467765	15	-0.3881944417953491	-0.2297428697347641
position	2468581	15	-0.3881944417953491	-0.23219998180866241
position	2469243	15	-0.3881944417953491	-0.23711428046226501
position	2470000	15	-0.3846111297607422	-0.23834285140037537
position	2470754	15	-0.3822222054004669	-0.24080000817775726
position	2471494	15	-0.3798333406448364	-0.24202857911586761
position	2472227	15	-0.3786388635635376	-0.24325715005397797
position	2472971	15	-0.37744447588920593	-0.24448572099208832
position	2473725	15	-0.37505555152893066	-0.24694287776947021
position	2474467	15	-0.3738611340522766	-0.24940001964569092
position	2475180	15	-0.37266668677330017	-0.2506285607814789
position	2476635	15	-0.37147220969200134	-0.25185713171958923
position	2477403	15	-0.36908334493637085	-0.2543143033981323
position	2478129	15	-0.36908334493637085	-0.2543143033981323
position	2478845	15	-0.36908334493637085	-0.2543143033981323
position	2479596	15	-0.3678888976573944	-0.2555428743362427
position	2483282	15	-0.36550000309944153	-0.25677141547203064
position	2484039	15	-0.36311110854148865	-0.25922855734825134
position	2484777	15	-0.3619166910648346	-0.25922855734825134
position	2485506	15	-0.36072221398353577	-0.2604571580886841
position	2486260	15	-0.3595277667045593	-0.26168569922447205
position	2486999	15	-0.35713890194892883	-0.2629142701625824
position	2487721	15	-0.35594442486763	-0.26414287090301514
position	2488464	15	-0.35475003719329834	-0.2653714418411255
position	2489199	15	-0.3535555601119995	-0.2653714418411255
position	2489926	15	-0.35236111283302307	-0.26660001277923584
position	2490647	15	-0.35236111283302307	-0.2678285837173462
position	2491411	15	-0.35236111283302307	-0.26905715465545654
position	2492870	15	-0.3499722480773926	-0.26905715465545654
position	2494387	15	-0.3475833237171173	-0.26905715465545654
position	2495087	15	-0.34638890624046326	-0.26905715465545654
position	2495866	15	-0.3451944589614868	-0.26905715465545654
position	2496573	15	-0.34280556440353394	-0.2702856957912445
position	2497409	15	-0.3416111171245575	-0.2702856957912445
position	2498045	15	-0.34041666984558105	-0.2702856957912445
position	2498777	15	-0.339222252368927	-0.27151429653167725
position	2499527	15	-0.33683332800865173	-0.27151429653167725
position	2500260	15	-0.33444446325302124	-0.2727428376674652
position	2501011	15	-0.3332499861717224	-0.2727428376674652
position	2501745	15	-0.32847219705581665	-0.2727428376674652
position	2502472	15	-0.327277809381485	-0.2727428376674652
position	2506901	15	-0.32369446754455566	-0.2727428376674652
position	2507647	15	-0.3213055431842804	-0.27397143840789795
position	2508382	15	-0.3177222013473511	-0.2752000093460083
position	2509197	15	-0.3153333365917206	-0.277657151222229
position	2509875	15	-0.3129444122314453	-0.27888572216033936
position	2510735	15	-0.3105555474758148	-0.27888572216033936
position	2511349	15	-0.3081666827201843	-0.27888572216033936
position	2512081	15	-0.3069722354412079	-0.27888572216033936
position	2512787	15	-0.30577775835990906	-0.27888572216033936
position	2513530	15	-0.30338889360427856	-0.27888572216033936
position	2514281	15	-0.30100002884864807	-0.27888572216033936
position	2515014	15	-0.2950277626514435	-0.27642858028411865
position	2515787	15	-0.292638897895813	-0.27642858028411865
position	2516518	15	-0.2902499735355377	-0.27642858028411865
position	2517239	15	-0.28905558586120605	-0.27397143840789795
position	2518014	15	-0.2878611087799072	-0.27397143840789795
position	2518771	15	-0.2866666615009308	-0.27397143840789795
position	2519507	15	-0.28308331966400146	-0.2727428376674652
position	2520191	15	-0.28308331966400146	-0.2727428376674652
position	2520996	15	-0.2818889021873474	-0.2702856957912445
position	2521650	15	-0.2818889021873474	-0.2702856957912445
position	2522404	15	-0.28069445490837097	-0.2702856957912445
position	2523154	15	-0.2783055901527405	-0.2702856957912445
position	2523905	15	-0.27711111307144165	-0.2678285837173462
position	2524607	15	-0.27472221851348877	-0.26660001277923584
position	2525366	15	-0.2735278010368347	-0.2653714418411255
position	2526096	15	-0.2723333239555359	-0.26414287090301514
position	2526844	15	-0.2699444591999054	-0.26168569922447205
position	2527616	15	-0.2675555348396301	-0.2604571580886841
position	2528320	15	-0.26516667008399963	-0.2580000162124634
position	2529904	15	-0.26277780532836914	-0.25677141547203064
position	2530549	15	-0.26277780532836914	-0.2543143033981323
position	2531250	15	-0.2639722228050232	-0.253085732460022
position	2531985	15	-0.26038888096809387	-0.253085732460022
position	2532729	15	-0.25680556893348694	-0.25185713171958923
position	2533521	15	-0.2508333623409271	-0.24940001964569092
position	2534257	15	-0.2496389001607895	-0.24694287776947021
position	2534978	15	-0.2496389001607895	-0.24325715005397797
position	2535711	15	-0.24844443798065186	-0.24202857911586761
position	2536459	15	-0.24605555832386017	-0.24080000817775726
position	2537213	15	-0.24486111104488373	-0.23834285140037537
position	2537934	15	-0.24366669356822968	-0.23711428046226501
position	2538673	15	-0.2412777692079544	-0.23342858254909515
position	2539409	15	-0.2388889044523239	-0.23097144067287445
position	2540163	15	-0.23769444227218628	-0.2272857129573822
position	2540898	15	-0.23769444227218628	-0.22605714201927185
position	2541626	15	-0.23769444227218628	-0.2248285710811615
position	2542371	15	-0.23411111533641815	-0.222371444106102
position	2543117	15	-0.23291665315628052	-0.21868570148944855
position	2543840	15	-0.23052778840065002	-0.21622857451438904
position	2544570	15	-0.22813890874385834	-0.21131427586078644
position	2545321	15	-0.2269444465637207	-0.20762859284877777
position	2546051	15	-0.22336111962795258	-0.20517143607139587
position	2546817	15	-0.22216665744781494	-0.20271429419517517
position	2547506	15	-0.2209722101688385	-0.19779999554157257
position	2548332	15	-0.21738886833190918	-0.1941142976284027
position	2548990	15	-0.21380554139614105	-0.19042856991291046
position	2549741	15	-0.20783334970474243	-0.1891999989748001
position	2550498	15	-0.19947221875190735	-0.18305715918540955
position	2551220	15	-0.1946944296360016	-0.1744571477174759
position	2551943	15	-0.19350002706050873	-0.16831429302692413
position	2552713	15	-0.1923055648803711	-0.16094285249710083
position	2553472	15	-0.1899167001247406	-0.15602858364582062
position	2554167	15	-0.18872223794460297	-0.15111428499221802
position	2554906	15	-0.18752777576446533	-0.14619998633861542
position	2555652	15	-0.18513889610767365	-0.14005714654922485
position	2556365	15	-0.18513889610767365	-0.1339142769575119
position	2557123	15	-0.18274998664855957	-0.12777143716812134
position	2557859	15	-0.17916665971279144	-0.11917144060134888
position	2558592	15	-0.17677778005599976	-0.11180000007152557
position	2559346	15	-0.17558331787586212	-0.10074286162853241
position	2560102	15	-0.17319445312023163	-0.08968571573495865
position	2560803	15	-0.171999990940094	-0.07985715568065643
position	2561558	15	-0.16841666400432587	-0.07002855837345123
position	2562292	15	-0.16722220182418823	-0.06142856925725937
position	2563021	15	-0.16483333706855774	-0.052828576415777206
position	2563768	15	-0.1636388748884201	-0.04054286330938339
position	2564509	15	-0.16244445741176605	-0.02948572300374508
position	2565245	15	-0.15886113047599792	-0.019657131284475327
position	2565996	15	-0.15647220611572266	-0.008599991910159588
position	2566778	15	-0.15408334136009216	0
position	2567498	15	-0.15050001442432404	0.007371443789452314
position	2568187	15	-0.14572222530841827	0.018428582698106766
position	2568993	15	-0.14213889837265015	0.02948572300374508
position	2569654	15	-0.13855555653572083	0.04054286330938339
position	2570409	15	-0.13377776741981506	0.05282855033874512
position	2571146	15	-0.13138890266418457	0.06265714019536972
position	2571913	15	-0.1289999783039093	0.07371428608894348
position	2572619	15	-0.12780557572841644	0.08354287594556808
position	2573389	15	-0.12541665136814117	0.09214286506175995
position	2574086	15	-0.12183332443237305	0.10197140276432037
position	2574837	15	-0.11705558001995087	0.11302860081195831
position	2575570	15	-0.1122777909040451	0.12039998918771744
position	2576317	15	-0.10869446396827698	0.13022857904434204
position	2577049	15	-0.10272221267223358	0.13760001957416534
position	2577796	15	-0.09794442355632782	0.1462000161409378
position	2578511	15	-0.0943610891699791	0.15357141196727753
position	2579267	15	-0.08719442784786224	0.15848571062088013
position	2579999	15	-0.08122222870588303	0.1646285504102707
position	2580739	15	-0.07286111265420914	0.171999990940094
position	2581468	15	-0.06808332353830338	0.18059998750686646
position	2582215	15	-0.06091666221618652	0.18797142803668976
position	2582955	15	-0.05613886937499046	0.19534286856651306
position	2583704	15	-0.05255553871393204	0.20148572325706482
position	2584437	15	-0.04897221177816391	0.20762856304645538
position	2585213	15	-0.045388881117105484	0.21254286170005798
position	2585906	15	-0.04061109200119972	0.21622854471206665
position	2586690	15	-0.034638889133930206	0.22114284336566925
position	2587371	15	-0.02627776935696602	0.22360000014305115
position	2588108	15	-0.0203055702149868	0.22851428389549255
position	2588861	15	-0.016722241416573524	0.23219998180866241
position	2589611	15	-0.011944450438022614	0.2346571385860443
position	2590328	15	-0.011944450438022614	0.2395714372396469
position	2591083	15	-0.005972199607640505	0.24202857911586761
position	2591811	15	-0.0011944604339078069	0.24571427702903748
position	2592536	15	0.003583329962566495	0.24817141890525818
position	2593295	15	0.009555554948747158	0.2518571615219116
position	2594026	15	0.014333345927298069	0.25431427359580994
position	2594764	15	0.01791667565703392	0.25922855734825134
position	2595531	15	0.022694440558552742	0.2653714716434479
position	2596249	15	0.02866666577756405	0.2702856957912445
position	2596998	15	0.03105556033551693	0.2727428376674652
position	2597710	15	0.03583332523703575	0.2752000093460083
position	2598461	15	0.04061111435294151	0.27642861008644104
position	2599200	15	0.04419444501399994	0.27888569235801697
position	2599924	15	0.04897221177816391	0.2801142930984497
position	2600687	15	0.05375000089406967	0.2825714349746704
position	2601412	15	0.05613889545202255	0.2850285768508911
position	2602319	15	0.05972222611308098	0.28625714778900146
position	2602881	15	0.05972222611308098	0.28625714778900146
position	2603629	15	0.06569445133209229	0.28625714778900146
position	2604346	15	0.06927777826786041	0.2874857485294342
position	2605087	15	0.07405554503202438	0.28871428966522217
position	2605834	15	0.08002777397632599	0.28871428966522217
position	2606578	15	0.08480556309223175	0.28871428966522217
position	2607300	15	0.08838889002799988	0.2899428904056549
position	2608058	15	0.09077778458595276	0.2899428904056549
position	2608775	15	0.09436111897230148	0.2899428904056549
position	2609545	15	0.09675001353025436	0.29239997267723083
position	2610275	15	0.10033334046602249	0.29117143154144287
position	2610991	15	0.10511110723018646	0.29117143154144287
position	2611738	15	0.10750000178813934	0.29117143154144287
position	2612487	15	0.10988889634609222	0.29117143154144287
position	2613214	15	0.11108332872390747	0.29239997267723083
position	2613958	15	0.1122777909040451	0.29239997267723083
position	2614685	15	0.11347222328186035	0.29239997267723083
position	2615437	15	0.11824999004602432	0.29239997267723083
position	2616176	15	0.12183334678411484	0.29117143154144287
position	2616898	15	0.12780554592609406	0.2899428904056549
position	2617642	15	0.13138890266418457	0.2899428904056549
position	2618374	15	0.13138890266418457	0.2899428904056549
position	2619167	15	0.13258333504199982	0.28871428966522217
position	2619876	15	0.1349722295999527	0.28871428966522217
position	2620636	15	0.13975000381469727	0.2874857485294342
position	2621349	15	0.1433333307504654	0.2874857485294342
position	2622076	15	0.14572222530841827	0.2874857485294342
position	2622838	15	0.1493055522441864	0.2874857485294342
position	2623601	15	0.15169444680213928	0.28625714778900146
position	2624327	15	0.15288887917995453	0.28625714778900146
position	2625085	15	0.15408334136009216	0.2850285768508911
position	2625759	15	0.1552777737379074	0.2850285768508911
position	2626557	15	0.1576666682958603	0.2837999761104584
position	2627244	15	0.16124999523162842	0.2825714349746704
position	2628007	15	0.1636389046907425	0.2825714349746704
position	2628790	15	0.16722223162651062	0.2801142930984497
position	2629487	15	0.16841666400432587	0.27888569235801697
position	2630253	15	0.1696111261844635	0.27888569235801697
position	2630936	15	0.17319445312023163	0.277657151222229
position	2631705	15	0.1755833476781845	0.27642861008644104
position	2632424	15	0.17916667461395264	0.27642861008644104
position	2633149	15	0.18155555427074432	0.2752000093460083
position	2633892	15	0.18275000154972076	0.27397143840789795
position	2634641	15	0.18752777576446533	0.2727428376674652
position	2635402	15	0.19111110270023346	0.2702856957912445
position	2636134	15	0.1923055648803711	0.2702856957912445
position	2636855	15	0.19349999725818634	0.2678285539150238
position	2637585	15	0.19947221875190735	0.26660001277923584
position	2638325	15	0.2042500078678131	0.26414287090301514
position	2639062	15	0.2066388875246048	0.2629142999649048
position	2639831	15	0.20783334970474243	0.2629142999649048
position	2640536	15	0.21022221446037292	0.26168569922447205
position	2641279	15	0.21380557119846344	0.2604571580886841
position	2642016	15	0.21738889813423157	0.25922855734825134
position	2642744	15	0.21738889813423157	0.25922855734825134
position	2643489	15	0.21858333051204681	0.25922855734825134
position	2644282	15	0.2209722250699997	0.2580000162124634
position	2644951	15	0.22336111962795258	0.25677141547203064
position	2645694	15	0.22455555200576782	0.2555428743362427
position	2646431	15	0.22574999928474426	0.25431427359580994
position	2647910	15	0.22813889384269714	0.25431427359580994
position	2648646	15	0.23052778840065002	0.2518571615219116
position	2649363	15	0.23172225058078766	0.2506285607814789
position	2650179	15	0.24008333683013916	0.2506285607814789
position	2650854	15	0.24605555832386017	0.24940001964569092
position	2651598	15	0.2472500056028366	0.24817141890525818
position	2652388	15	0.2472500056028366	0.24694287776947021
position	2653052	15	0.2496389001607895	0.24325712025165558
position	2653805	15	0.2532222270965576	0.24202857911586761
position	2654571	15	0.25441667437553406	0.24079997837543488
position	2655267	15	0.2556111216545105	0.2395714372396469
position	2656005	15	0.25680556893348694	0.2395714372396469
position	2656781	15	0.2591944634914398	0.23834288120269775
position	2657544	15	0.2591944634914398	0.23711428046226501
position	2658218	15	0.26038888096809387	0.23588573932647705
position	2658981	15	0.2615833580493927	0.23588573932647705
position	2659699	15	0.2639722228050232	0.2346571385860443
position	2660471	15	0.26516667008399963	0.23342858254909515
position	2661187	15	0.2663611173629761	0.23219998180866241
position	2661939	15	0.2663611173629761	0.23097144067287445
position	2662648	15	0.2675555348396301	0.2297428399324417
position	2663403	15	0.2699444591999054	0.2272857427597046
position	2664144	15	0.27113890647888184	0.2248286008834839
position	2664919	15	0.2723333239555359	0.22360000014305115
position	2665601	15	0.2735278010368347	0.222371444106102
position	2667095	15	0.2759166657924652	0.22114284336566925
position	2667893	15	0.2759166657924652	0.2199143022298813
position	2668553	15	0.28069445490837097	0.21868570148944855
position	2669307	15	0.28308331966400146	0.2150000035762787
position	2670067	15	0.2842777967453003	0.21377146244049072
position	2670793	15	0.28547224402427673	0.21254286170005798
position	2671503	15	0.2866666615009308	0.21131430566310883
position	2672418	15	0.2878611087799072	0.20762856304645538
position	2672998	15	0.2878611087799072	0.20640000700950623
position	2673738	15	0.28905558586120605	0.2051714062690735
position	2674491	15	0.2902500033378601	0.20394286513328552
position	2675958	15	0.29144445061683655	0.20271426439285278
position	2676729	15	0.292638897895813	0.20148572325706482
position	2677445	15	0.2962222397327423	0.19902856647968292
position	2678158	15	0.3009999990463257	0.19534286856651306
position	2678925	15	0.304583340883255	0.19288572669029236
position	2679697	15	0.30577775835990906	0.1892000287771225
position	2680368	15	0.30577775835990906	0.1842857301235199
position	2681112	15	0.30577775835990906	0.1818285882472992
position	2681846	15	0.3069722354412079	0.1793714314699173
position	2682607	15	0.3069722354412079	0.17568573355674744
position	2683352	15	0.3069722354412079	0.17322859168052673
position	2684108	15	0.3081666827201843	0.16831429302692413
position	2684806	15	0.3081666827201843	0.1646285504102707
position	2685566	15	0.3081666827201843	0.15971431136131287
position	2686335	15	0.3081666827201843	0.15602855384349823
position	2687035	15	0.3081666827201843	0.1511143147945404
position	2687760	15	0.3081666827201843	0.14497141540050507
position	2688525	15	0.3081666827201843	0.13760001957416534
position	2689238	15	0.30577775835990906	0.13022857904434204
position	2689991	15	0.304583340883255	0.12408573925495148
position	2690714	15	0.3021944463253021	0.11671429127454758
position	2691474	15	0.3009999990463257	0.10811430215835571
position	2692221	15	0.29741665720939636	0.10197140276432037
position	2692932	15	0.2950277626514435	0.09460001438856125
position	2693657	15	0.2902500033378601	0.08722857385873795
position	2694448	15	0.28547224402427673	0.07985712587833405
position	2695160	15	0.2818889021873474	0.07125713676214218
position	2695895	15	0.2783055603504181	0.06388568878173828
position	2696635	15	0.2699444591999054	0.054057151079177856
position	2697365	15	0.2615833580493927	0.047914307564496994
position	2698100	15	0.25441667437553406	0.03808571398258209
position	2698876	15	0.24605555832386017	0.03071427159011364
position	2699585	15	0.2388889044523239	0.024571428075432777
position	2700301	15	0.2293333262205124	0.017199983820319176
position	2701033	15	0.21858333051204681	0.008599991910159588
position	2701776	15	0.21022221446037292	0.0012285483535379171
position	2702517	15	0.19947221875190735	-0.008599991910159588
position	2703243	15	0.1899166703224182	-0.017200009897351265
position	2704014	15	0.1755833476781845	-0.025800000876188278
position	2704753	15	0.16483333706855774	-0.03562856838107109
position	2705475	15	0.1552777737379074	-0.04300001263618469
position	2706205	15	0.13975000381469727	-0.050371430814266205
position	2706969	15	0.1266111135482788	-0.05774284526705742
position	2707694	15	0.1146666631102562	-0.06757143884897232
position	2708441	15	0.10272221267223358	-0.07740000635385513
position	2709163	15	0.0919722244143486	-0.0884571447968483
position	2709891	15	0.08241666853427887	-0.09828571230173111
position	2710658	15	0.07047221809625626	-0.10688573122024536
position	2711397	15	0.05852779000997543	-0.11671429127454758
position	2712117	15	0.04897221177816391	-0.12531428039073944
position	2712848	15	0.04180555045604706	-0.1339142769575119
position	2713614	15	0.032249994575977325	-0.1437428742647171
position	2714345	15	0.022694440558552742	-0.15357144176959991
position	2715068	15	0.015527780167758465	-0.16339999437332153
position	2715827	15	0.010749990120530128	-0.171999990940094
position	2716544	15	0.005972225219011307	-0.17814286053180695
position	2717319	15	0.002388895256444812	-0.18551428616046906
position	2718034	15	-0.0011944604339078069	-0.19042856991291046
position	2718834	15	-0.003583329962566495	-0.19657142460346222
position	2719500	15	-0.010749990120530128	-0.20271429419517517
position	2720257	15	-0.016722241416573524	-0.20885713398456573
position	2720977	15	-0.019111109897494316	-0.2150000035762787
position	2721754	15	-0.0203055702149868	-0.22114284336566925
position	2722451	15	-0.022694440558552742	-0.2272857129573822
position	2723305	15	-0.023888900876045227	-0.2346571385860443
position	2723951	15	-0.025083309039473534	-0.24080000817775726
position	2724726	15	-0.029861100018024445	-0.24940001964569092
position	2725383	15	-0.032250020653009415	-0.253085732460022
position	2726185	15	-0.03344443067908287	-0.25922855734825134
position	2726884	15	-0.03344443067908287	-0.2653714418411255
position	2727659	15	-0.032250020653009415	-0.2702856957912445
position	2728342	15	-0.03105556033551693	-0.27642858028411865
position	2729108	15	-0.028666691854596138	-0.2801142930984497
position	2729846	15	-0.027472231537103653	-0.28625714778900146
position	2730602	15	-0.02627776935696602	-0.29117143154144287
position	2731321	15	-0.022694440558552742	-0.29731428623199463
position	2732085	15	-0.0203055702149868	-0.3034571409225464
position	2733005	15	-0.019111109897494316	-0.3083714246749878
position	2733551	15	-0.016722241416573524	-0.3132857084274292
position	2734274	15	-0.015527780167758465	-0.31697142124176025
position	2735004	15	-0.010749990120530128	-0.32188570499420166
position	2735726	15	-0.00716665992513299	-0.3255714178085327
position	2736530	15	-0.004777790512889624	-0.3280285894870758
position	2737217	15	-0.003583329962566495	-0.3304857313632965
position	2737991	15	0	-0.3329428732395172
position	2738679	15	0.002388895256444812	-0.33662858605384827
position	2739435	15	0.004777790512889624	-0.33662858605384827
position	2740199	15	0.008361120708286762	-0.33908572793006897
position	2740956	15	0.008361120708286762	-0.3415428698062897
position	2741659	15	0.011944450438022614	-0.3427714407444
position	2742388	15	0.015527780167758465	-0.3440000116825104
position	2743139	15	0.016722215339541435	-0.3452285826206207
position	2743889	15	0.01791667565703392	-0.3464571237564087
position	2744604	15	0.021500006318092346	-0.3464571237564087
position	2745331	15	0.027472231537103653	-0.34768572449684143
position	2746073	15	0.03105556033551693	-0.35260000824928284
position	2746803	15	0.03583332523703575	-0.35505715012550354
position	2747565	15	0.03941665589809418	-0.3562857210636139
position	2748356	15	0.04419444501399994	-0.3562857210636139
position	2749045	15	0.04897221177816391	-0.3562857210636139
position	2749794	15	0.05136110633611679	-0.3562857210636139
position	2750516	15	0.05852779000997543	-0.3562857210636139
position	2751239	15	0.0633055567741394	-0.3562857210636139
position	2752016	15	0.06808334589004517	-0.3562857210636139
position	2752694	15	0.0716666728258133	-0.3562857210636139
position	2753450	15	0.07525000721216202	-0.3562857210636139
position	2754190	15	0.08122222870588303	-0.3538285791873932
position	2754941	15	0.085999995470047	-0.3538285791873932
position	2755696	15	0.09077778458595276	-0.35505715012550354
position	2756425	15	0.09675001353025436	-0.3538285791873932
position	2757161	15	0.10033334046602249	-0.3538285791873932
position	2757874	15	0.10511110723018646	-0.3513714373111725
position	2758637	15	0.1122777909040451	-0.3513714373111725
position	2759377	15	0.11586112529039383	-0.35014286637306213
position	2760091	15	0.11944445222616196	-0.34768572449684143
position	2760837	15	0.12302777916193008	-0.34768572449684143
position	2761634	15	0.1266111135482788	-0.3464571237564087
position	2762327	15	0.1290000081062317	-0.3464571237564087
position	2763081	15	0.13138890266418457	-0.3452285826206207
position	2763816	15	0.13616666197776794	-0.3427714407444
position	2764539	15	0.13855555653572083	-0.3415428698062897
position	2765283	15	0.14213889837265015	-0.3415428698062897
position	2766011	15	0.1433333307504654	-0.3403142988681793
position	2766765	15	0.14452779293060303	-0.3403142988681793
position	2767491	15	0.15050001442432404	-0.33785712718963623
position	2768253	15	0.1552777737379074	-0.33662858605384827
position	2769021	15	0.16005556285381317	-0.33417144417762756
position	2769715	15	0.16244444251060486	-0.33171430230140686
position	2770454	15	0.16722223162651062	-0.32925716042518616
position	2771200	15	0.1696111261844635	-0.32679998874664307
position	2771940	15	0.1755833476781845	-0.3231143057346344
position	2772668	15	0.18155555427074432	-0.3206571638584137
position	2773413	15	0.18513889610767365	-0.31697142124176025
position	2774142	15	0.18872223794460297	-0.31451427936553955
position	2774927	15	0.1923055648803711	-0.3108285665512085
position	2775628	15	0.19588889181613922	-0.3083714246749878
position	2776372	15	0.19947221875190735	-0.3034571409225464
position	2777105	15	0.20305556058883667	-0.3009999990463257
position	2777833	15	0.20544445514678955	-0.2960857152938843
position	2778575	15	0.20902778208255768	-0.29117143154144287
position	2779329	15	0.21380557119846344	-0.2874857485294342
position	2780050	15	0.21738889813423157	-0.2837999761104584
position	2780792	15	0.22455555200576782	-0.28134286403656006
position	2781607	15	0.2293333262205124	-0.27642858028411865
position	2782261	15	0.23291665315628052	-0.2727428376674652
position	2783010	15	0.23769444227218628	-0.26905715465545654
position	2783773	15	0.24008333683013916	-0.26414287090301514
position	2784484	15	0.24247223138809204	-0.26168569922447205
position	2785218	15	0.2472500056028366	-0.2580000162124634
position	2785971	15	0.2520277500152588	-0.253085732460022
position	2786694	15	0.25441667437553406	-0.2506285607814789
position	2787455	15	0.2591944634914398	-0.24571427702903748
position	2788165	15	0.26277777552604675	-0.24080000817775726
position	2788905	15	0.26516667008399963	-0.23711428046226501
position	2789653	15	0.26875001192092896	-0.23097144067287445
position	2790391	15	0.26875001192092896	-0.22605714201927185
position	2791131	15	0.2723333239555359	-0.22360000014305115
position	2791875	15	0.2735278010368347	-0.2199143022298813
position	2792616	15	0.27472221851348877	-0.21622857451438904
position	2793340	15	0.27472221851348877	-0.21377143263816833
position	2794111	15	0.27711111307144165	-0.21254286170005798
position	2794816	15	0.2783055603504181	-0.20885713398456573
position	2795562	15	0.27950000762939453	-0.20517143607139587
position	2796297	15	0.28308331966400146	-0.20148572325706482
position	2797056	15	0.2842777967453003	-0.19902856647968292
position	2797772	15	0.2866666615009308	-0.1941142976284027
position	2798521	15	0.2878611087799072	-0.19042856991291046
position	2799282	15	0.28905558586120605	-0.18551428616046906
position	2799990	15	0.2902500033378601	-0.18305715918540955
position	2800777	15	0.292638897895813	-0.17814286053180695
position	2801453	15	0.29383334517478943	-0.17077142000198364
position	2802196	15	0.2950277626514435	-0.16585715115070343
position	2802927	15	0.2962222397327423	-0.15971428155899048
position	2803682	15	0.29741665720939636	-0.15480001270771027
position	2804414	15	0.2986111044883728	-0.14988571405410767
position	2805164	15	0.29980555176734924	-0.14497144520282745
position	2805894	15	0.29980555176734924	-0.14005714654922485
position	2806628	15	0.29980555176734924	-0.13760000467300415
position	2807432	15	0.3009999990463257	-0.13268573582172394
position	2808113	15	0.3009999990463257	-0.12777143716812134
position	2808867	15	0.3009999990463257	-0.12285713851451874
position	2809591	15	0.3021944463253021	-0.12039998918771744
position	2810301	15	0.30338889360427856	-0.11794286966323853
position	2811045	15	0.304583340883255	-0.11425714194774628
position	2811776	15	0.304583340883255	-0.11057142168283463
position	2812548	15	0.304583340883255	-0.10442858189344406
position	2813372	15	0.304583340883255	-0.09951428323984146
position	2814011	15	0.30338889360427856	-0.09460001438856125
position	2814739	15	0.29980555176734924	-0.0909142941236496
position	2815508	15	0.2986111044883728	-0.08477142453193665
position	2816240	15	0.2962222397327423	-0.08231427520513535
position	2816978	15	0.29144445061683655	-0.07617142796516418
position	2817739	15	0.2878611087799072	-0.07125713676214218
position	2818433	15	0.28547224402427673	-0.06757143884897232
position	2819186	15	0.2842777967453003	-0.06019999459385872
position	2819988	15	0.27950000762939453	-0.056514300405979156
position	2820634	15	0.2759166657924652	-0.050371430814266205
position	2821353	15	0.2723333239555359	-0.044228583574295044
position	2822169	15	0.2699444591999054	-0.03685714304447174
position	2822866	15	0.2663611173629761	-0.02948572300374508
position	2823697	15	0.26277777552604675	-0.022114278748631477
position	2824371	15	0.26038888096809387	-0.015971435233950615
position	2825074	15	0.2556111216545105	-0.009828565642237663
position	2825832	15	0.2508333623409271	-0.006142869591712952
position	2826597	15	0.2472500056028366	-0.001228573964908719
position	2827267	15	0.24486111104488373	0.002457147929817438
position	2828040	15	0.24008333683013916	0.00614284398034215
position	2828757	15	0.23769444227218628	0.009828591719269753
position	2829485	15	0.23291665315628052	0.014742836356163025
position	2830237	15	0.2269444465637207	0.017199983820319176
position	2830975	15	0.2209722250699997	0.022114278748631477
position	2831728	15	0.2150000035762787	0.027028575539588928
position	2832448	15	0.21022221446037292	0.03071427159011364
position	2833188	15	0.20305556058883667	0.03562856838107109
position	2834024	15	0.19708332419395447	0.04300001263618469
position	2834660	15	0.1923055648803711	0.049142856150865555
position	2835464	15	0.18633334338665009	0.05528569966554642
position	2836138	15	0.18036110699176788	0.06019999459385872
position	2837029	15	0.1755833476781845	0.06511428952217102
position	2837703	15	0.16841666400432587	0.07002858817577362
position	2838431	15	0.16124999523162842	0.07494287937879562
position	2839067	15	0.15408334136009216	0.07862857729196548
position	2839875	15	0.14572222530841827	0.08231427520513535
position	2840551	15	0.13616666197776794	0.08722857385873795
position	2841289	15	0.1290000081062317	0.09091426432132721
position	2842017	15	0.1206388846039772	0.09460001438856125
position	2842775	15	0.10988889634609222	0.09951431304216385
position	2843506	15	0.10152778029441833	0.10320000350475311
position	2844283	15	0.09077778458595276	0.10688570141792297
position	2845028	15	0.08241666853427887	0.11180000007152557
position	2845744	15	0.07047221809625626	0.11425714194774628
position	2846453	15	0.0573333315551281	0.11917144060134888
position	2847209	15	0.045388881117105484	0.12531428039073944
position	2847946	15	0.03344445675611496	0.1289999783039093
position	2848709	15	0.023888900876045227	0.13268573582172394
position	2849433	15	0.010749990120530128	0.13760001957416534
position	2850166	15	-0.003583329962566495	0.1412857174873352
position	2850906	15	-0.019111109897494316	0.14497141540050507
position	2851649	15	-0.029861100018024445	0.14988571405410767
position	2852349	15	-0.04300001263618469	0.15234285593032837
position	2853152	15	-0.054944463074207306	0.15725715458393097
position	2853840	15	-0.06688891351222992	0.15971431136131287
position	2854582	15	-0.08002777397632599	0.16217145323753357
position	2855330	15	-0.0919722244143486	0.16585715115070343
position	2856087	15	-0.10152780264616013	0.16831429302692413
position	2856812	15	-0.11108332872390747	0.17322859168052673
position	2857647	15	-0.12063891440629959	0.17568573355674744
position	2858443	15	-0.12541665136814117	0.1793714314699173
position	2859007	15	-0.1349722295999527	0.1842857301235199
position	2859739	15	-0.14452776312828064	0.18797142803668976
position	2860491	15	-0.15288887917995453	0.19165712594985962
position	2861251	15	-0.16005554795265198	0.19411426782608032
position	2861966	15	-0.16602779924869537	0.19780002534389496
position	2862713	15	-0.17319445312023163	0.20025716722011566
position	2863438	15	-0.17916665971279144	0.20271426439285278
position	2864184	15	-0.18752777576446533	0.2051714062690735
position	2864905	15	-0.18872223794460297	0.20640000700950623
position	2865666	15	-0.19111110270023346	0.20885716378688812
position	2866388	15	-0.1946944296360016	0.21131430566310883
position	2867171	15	-0.19827775657176971	0.21377146244049072
position	2867861	15	-0.20186109840869904	0.2150000035762787
position	2868604	15	-0.21022221446037292	0.2174571454524994
position	2869370	15	-0.2150000035762787	0.2199143022298813
position	2870081	15	-0.21977779269218445	0.222371444106102
position	2870827	15	-0.22336111962795258	0.22360000014305115
position	2871573	15	-0.22574999928474426	0.2248286008834839
position	2872292	15	-0.2293333262205124	0.22851428389549255
position	2873037	15	-0.23411111533641815	0.2297428399324417
position	2873759	15	-0.23649998009204865	0.23219998180866241
position	2874518	15	-0.2412777692079544	0.23588573932647705
position	2875248	15	-0.24605555832386017	0.23834288120269775
position	2876067	15	-0.2508333623409271	0.24202857911586761
position	2876776	15	-0.2532222270965576	0.24571427702903748
position	2877493	15	-0.25441667437553406	0.24817141890525818
position	2878245	15	-0.25680556893348694	0.2518571615219116
position	2878959	15	-0.25919443368911743	0.25431427359580994
position	2879694	15	-0.26277780532836914	0.2580000162124634
position	2880449	15	-0.26516667008399963	0.26168569922447205
position	2881163	15	-0.2699444591999054	0.26660001277923584
position	2881917	15	-0.2699444591999054	0.26905715465545654
position	2882628	15	-0.27113887667655945	0.2727428376674652
position	2883456	15	-0.27113887667655945	0.2752000093460083
position	2884113	15	-0.2723333239555359	0.27642861008644104
position	2884875	15	-0.2735278010368347	0.2801142930984497
position	2885576	15	-0.27472221851348877	0.2825714349746704
position	2886313	15	-0.27472221851348877	0.2850285768508911
position	2887061	15	-0.27472221851348877	0.2874857485294342
position	2887844	15	-0.27472221851348877	0.29239997267723083
position	2888538	15	-0.27472221851348877	0.2948571443557739
position	2889308	15	-0.2759166657924652	0.29854288697242737
position	2890018	15	-0.2759166657924652	0.30100002884864807
position	2890751	15	-0.2759166657924652	0.30468571186065674
position	2891492	15	-0.2759166657924652	0.30714288353919983
position	2892234	15	-0.2759166657924652	0.31205716729164124
position	2892958	15	-0.2759166657924652	0.3157428503036499
position	2893696	15	-0.2735278010368347	0.3206571638584137
position	2894450	15	-0.2735278010368347	0.3231143057346344
position	2895206	15	-0.2723333239555359	0.3255714476108551
position	2895935	15	-0.2723333239555359	0.32925716042518616
position	2896670	15	-0.2699444591999054	0.33171430230140686
position	2897380	15	-0.2699444591999054	0.3353999853134155
position	2898132	15	-0.26875001192092896	0.33785712718963623
position	2898886	15	-0.2675555348396301	0.3403142988681793
position	2899620	15	-0.26516667008399963	0.3415428400039673
position	2900362	15	-0.2639722228050232	0.343999981880188
position	2901098	15	-0.26277780532836914	0.3452285826206207
position	2901815	15	-0.2615833580493927	0.3489142954349518
position	2902558	15	-0.26038888096809387	0.3513714373111725
position	2903341	15	-0.2580000162124634	0.3526000380516052
position	2904024	15	-0.2556110918521881	0.3526000380516052
position	2904822	15	-0.2520277500152588	0.3538285791873932
position	2905526	15	-0.2496389001607895	0.35751426219940186
position	2906253	15	-0.24605555832386017	0.35997143387794495
position	2907004	15	-0.2412777692079544	0.3612000346183777
position	2907715	15	-0.23769444227218628	0.36242857575416565
position	2908515	15	-0.23411111533641815	0.3661143183708191
position	2909197	15	-0.22813890874385834	0.36734285950660706
position	2909949	15	-0.22216665744781494	0.36980000138282776
position	2910660	15	-0.21619446575641632	0.3710285723209381
position	2911409	15	-0.21141667664051056	0.3734857141971588
position	2912159	15	-0.2066388875246048	0.37471431493759155
position	2912880	15	-0.20305556058883667	0.3759428560733795
position	2913659	15	-0.19708335399627686	0.37717145681381226
position	2914353	15	-0.1899167001247406	0.3783999979496002
position	2915093	15	-0.1863333135843277	0.3820857107639313
position	2915853	15	-0.18036110699176788	0.384542852640152
position	2916575	15	-0.17558331787586212	0.3882285952568054
position	2917326	15	-0.17080558836460114	0.3882285952568054
position	2918090	15	-0.16722220182418823	0.3869999945163727
position	2918805	15	-0.1636388748884201	0.3869999945163727
position	2919543	15	-0.15886113047599792	0.3869999945163727
position	2920302	15	-0.1576666682958603	0.3869999945163727
position	2921042	15	-0.15288887917995453	0.3869999945163727
position	2921768	15	-0.1469166874885559	0.3869999945163727
position	2922514	15	-0.14213889837265015	0.3869999945163727
position	2923299	15	-0.13975001871585846	0.3869999945163727
position	2923974	15	-0.13855555653572083	0.3869999945163727
position	2924735	15	-0.13616669178009033	0.3869999945163727
position	2925449	15	-0.13258330523967743	0.3857714533805847
position	2926215	15	-0.13019444048404694	0.3857714533805847
position	2926963	15	-0.12780557572841644	0.384542852640152
position	2927658	15	-0.1266111135482788	0.384542852640152
position	2928398	15	-0.12302777916193008	0.383314311504364
position	2929132	15	-0.12063891440629959	0.3820857107639313
position	2929926	15	-0.11586112529039383	0.3796285390853882
position	2930613	15	-0.11347220093011856	0.3796285390853882
position	2931349	15	-0.1122777909040451	0.3796285390853882
position	2932086	15	-0.10869446396827698	0.3783999979496002
position	2932867	15	-0.10869446396827698	0.3759428560733795
position	2933572	15	-0.10630553960800171	0.37471431493759155
position	2934326	15	-0.10272221267223358	0.37225717306137085
position	2935064	15	-0.10152780264616013	0.368571400642395
position	2935796	15	-0.09794442355632782	0.3661143183708191
position	2936508	15	-0.0943610891699791	0.3636571764945984
position	2937246	15	-0.08958335220813751	0.35997143387794495
position	2938209	15	-0.08958335220813751	0.35751426219940186
position	2938893	15	-0.08838889002799988	0.3538285791873932
position	2939701	15	-0.08838889002799988	0.3526000380516052
position	2940346	15	-0.08719442784786224	0.35014286637306213
position	2941090	15	-0.08719442784786224	0.34768572449684143
position	2941859	15	-0.08480556309223175	0.343999981880188
position	2942575	15	-0.08361110091209412	0.3415428400039673
position	2943367	15	-0.08122222870588303	0.33785712718963623
position	2944071	15	-0.08122222870588303	0.3353999853134155
position	2944830	15	-0.08122222870588303	0.3304857015609741
position	2945506	15	-0.08002777397632599	0.3280285894870758
position	2946236	15	-0.08002777397632599	0.3231143057346344
position	2947011	15	-0.08002777397632599	0.31942856311798096
position	2947745	15	-0.08361110091209412	0.31697142124176025
position	2948509	15	-0.08838889002799988	0.3132857084274292
position	2949195	15	-0.0919722244143486	0.30714288353919983
position	2949932	15	-0.0943610891699791	0.30222856998443604
position	2950676	15	-0.09794442355632782	0.2960857152938843
position	2951412	15	-0.10152780264616013	0.2899428904056549
position	2952213	15	-0.10511112958192825	0.2837999761104584
position	2952927	15	-0.10869446396827698	0.27888569235801697
position	2953672	15	-0.1122777909040451	0.27397143840789795
position	2954372	15	-0.1146666631102562	0.2678285539150238
position	2955105	15	-0.11824999004602432	0.26414287090301514
position	2955800	15	-0.12183332443237305	0.25922855734825134
position	2956551	15	-0.1266111135482788	0.25677141547203064
position	2957290	15	-0.1266111135482788	0.253085732460022
position	2958078	15	-0.13019444048404694	0.2506285607814789
position	2958808	15	-0.1349722295999527	0.24817141890525818
position	2959612	15	-0.13736110925674438	0.24448572099208832
position	2960359	15	-0.1409444361925125	0.24202857911586761
position	2961010	15	-0.1433333456516266	0.23834288120269775
position	2961803	15	-0.14811109006404877	0.2346571385860443
position	2962538	15	-0.15050001442432404	0.2297428399324417
position	2963291	15	-0.1552778035402298	0.22605714201927185
position	2963966	15	-0.16124999523162842	0.22114284336566925
position	2964745	15	-0.16483333706855774	0.2174571454524994
position	2965469	15	-0.16841666400432587	0.21254286170005798
position	2966167	15	-0.17319445312023163	0.20885716378688812
position	2966937	15	-0.17677778005599976	0.20394286513328552
position	2967689	15	-0.18155556917190552	0.20148572325706482
position	2968455	15	-0.18513889610767365	0.19657142460346222
position	2969244	15	-0.18752777576446533	0.19411426782608032
position	2969880	15	-0.19111110270023346	0.19288572669029236
position	2970616	15	-0.19350002706050873	0.1892000287771225
position	2971364	15	-0.19708335399627686	0.1867428869009018
position	2972111	15	-0.19947221875190735	0.1842857301235199
position	2973457	15	-0.20305556058883667	0.1818285882472992
position	2973530	15	-0.20902779698371887	0.17814283072948456
position	2974162	15	-0.21738886833190918	0.1744571477174759
position	2974900	15	-0.2209722101688385	0.1695428490638733
position	2975646	15	-0.22574999928474426	0.1646285504102707
position	2976394	15	-0.23052778840065002	0.16094285249710083
position	2977160	15	-0.23411111533641815	0.15602855384349823
position	2977917	15	-0.2388889044523239	0.15234285593032837
position	2978605	15	-0.24247223138809204	0.14988571405410767
position	2979362	15	-0.24844443798065186	0.14497141540050507
position	2980079	15	-0.25441667437553406	0.14251427352428436
position	2980874	15	-0.26038888096809387	0.1388285756111145
position	2981585	15	-0.26277780532836914	0.13514287769794464
position	2982370	15	-0.26636114716529846	0.1314571350812912
position	2983030	15	-0.2699444591999054	0.1289999783039093
position	2983800	15	-0.2723333239555359	0.12531428039073944
position	2984578	15	-0.27472221851348877	0.12039998918771744
position	2985341	15	-0.2783055901527405	0.11794283986091614
position	2985956	15	-0.27950000762939453	0.11302860081195831
position	2986726	15	-0.28547224402427673	0.10811430215835571
position	2987469	15	-0.28905558586120605	0.10320000350475311
position	2988204	15	-0.29383331537246704	0.10074286162853241
position	2989005	15	-0.2962222397327423	0.09582856297492981
position	2989731	15	-0.29980555176734924	0.09091426432132721
position	2990448	15	-0.30338889360427856	0.08600002527236938
position	2991198	15	-0.3081666827201843	0.08231427520513535
position	2991895	15	-0.31413888931274414	0.07494287937879562
position	2992663	15	-0.3177222013473511	0.06879998743534088
position	2993353	15	-0.32249999046325684	0.06142859533429146
position	2994131	15	-0.32369446754455566	0.054057151079177856
position	2994827	15	-0.327277809381485	0.045457158237695694
position	2995577	15	-0.3296666741371155	0.03685716539621353
position	2996357	15	-0.33444446325302124	0.02825712412595749
position	2997083	15	-0.33683332800865173	0.019657131284475327
position	2997809	15	-0.34041666984558105	0.008599991910159588
position	2998538	15	-0.3416111171245575	-0.001228573964908719
position	2999250	15	-0.3451944589614868	-0.012285714037716389
position	3000021	15	-0.34638890624046326	-0.023342853412032127
position	3000760	15	-0.34638890624046326	-0.03194284439086914
position	3001470	15	-0.3475833237171173	-0.04177143797278404
position	3002228	15	-0.3499722480773926	-0.047914281487464905
position	3002951	15	-0.35236111283302307	-0.056514300405979156
position	3003704	15	-0.3535555601119995	-0.06511428952217102
position	3004416	15	-0.35475003719329834	-0.07371428608894348
position	3005199	15	-0.35475003719329834	-0.08477142453193665
position	3005911	15	-0.35475003719329834	-0.0933714434504509
position	3006633	15	-0.35475003719329834	-0.10320000350475311
position	3007428	15	-0.35475003719329834	-0.11180000007152557
position	3008125	15	-0.35475003719329834	-0.12039998918771744
position	3008881	15	-0.35475003719329834	-0.12777143716812134
position	3009605	15	-0.35475003719329834	-0.13514284789562225
position	3010325	15	-0.35236111283302307	-0.14251428842544556
position	3011069	15	-0.35236111283302307	-0.14988571405410767
position	3011809	15	-0.351166695356369	-0.15848571062088013
position	3012554	15	-0.34877777099609375	-0.16585715115070343
position	3013275	15	-0.34638890624046326	-0.171999990940094
position	3014038	15	-0.3451944589614868	-0.1793714314699173
position	3014766	15	-0.343999981880188	-0.1842857003211975
position	3015508	15	-0.34041666984558105	-0.19042856991291046
position	3016252	15	-0.339222252368927	-0.1941142976284027
position	3016972	15	-0.33683332800865173	-0.20148572325706482
position	3017860	15	-0.33444446325302124	-0.20640000700950623
position	3018613	15	-0.3308611214160919	-0.21131427586078644
position	3019172	15	-0.32847219705581665	-0.2174571454524994
position	3019923	15	-0.32608333230018616	-0.222371444106102
position	3020672	15	-0.3248888850212097	-0.22851428389549255
position	3021390	15	-0.3213055431842804	-0.2346571385860443
position	3022112	15	-0.3189166784286499	-0.24080000817775726
position	3022882	15	-0.3165278136730194	-0.24571427702903748
position	3023609	15	-0.3105555474758148	-0.24940001964569092
position	3024362	15	-0.30577775835990906	-0.2543143033981323
position	3025095	15	-0.30338889360427856	-0.2580000162124634
position	3025942	15	-0.30100002884864807	-0.2604571580886841
position	3026575	15	-0.2986111044883728	-0.26414287090301514
position	3027309	15	-0.29741668701171875	-0.2653714418411255
position	3028054	15	-0.2950277626514435	-0.26905715465545654
position	3028827	15	-0.29383331537246704	-0.2702856957912445
position	3029521	15	-0.292638897895813	-0.27151429653167725
position	3030264	15	-0.29144445061683655	-0.27397143840789795
position	3031005	15	-0.28905558586120605	-0.27642858028411865
position	3031790	15	-0.2866666615009308	-0.27888572216033936
position	3032459	15	-0.28308331966400146	-0.2801142930984497
position	3033234	15	-0.28069445490837097	-0.2825714349746704
position	3034061	15	-0.27950000762939453	-0.2850285768508911
position	3034746	15	-0.27711111307144165	-0.2874857485294342
position	3035421	15	-0.2759166657924652	-0.28871428966522217
position	3036173	15	-0.2759166657924652	-0.28871428966522217
position	3036888	15	-0.27472221851348877	-0.29117143154144287
position	3037679	15	-0.27113887667655945	-0.2936285734176636
position	3038385	15	-0.2699444591999054	-0.2948571443557739
position	3039138	15	-0.26875001192092896	-0.2960857152938843
position	3040026	15	-0.2675555348396301	-0.29731428623199463
position	3040619	15	-0.2675555348396301	-0.29977142810821533
position	3041334	15	-0.26516667008399963	-0.29977142810821533
position	3042082	15	-0.26516667008399963	-0.29977142810821533
position	3042793	15	-0.26277780532836914	-0.29977142810821533
position	3043546	15	-0.26038888096809387	-0.3009999990463257
position	3044308	15	-0.25919443368911743	-0.3009999990463257
position	3045000	15	-0.2556110918521881	-0.30222856998443604
position	3045764	15	-0.2508333623409271	-0.3034571409225464
position	3046511	15	-0.2472500205039978	-0.3059142827987671
position	3047232	15	-0.24486111104488373	-0.30714288353919983
position	3047966	15	-0.2412777692079544	-0.3083714246749878
position	3048686	15	-0.23769444227218628	-0.30960002541542053
position	3049443	15	-0.23291665315628052	-0.31205716729164124
position	3050176	15	-0.2293333262205124	-0.31451427936553955
position	3050915	15	-0.2269444465637207	-0.3157428503036499
position	3051654	15	-0.22336111962795258	-0.31942856311798096
position	3052403	15	-0.2209722101688385	-0.3206571638584137
position	3053158	15	-0.21619446575641632	-0.3231143057346344
position	3053862	15	-0.21380554139614105	-0.32434284687042236
position	3054613	15	-0.20783334970474243	-0.3255714178085327
position	3055358	15	-0.2042500078678131	-0.3255714178085327
position	3056094	15	-0.19947221875190735	-0.3280285894870758
position	3056840	15	-0.1946944296360016	-0.32925716042518616
position	3057559	15	-0.18752777576446533	-0.3304857313632965
position	3058290	15	-0.18155556917190552	-0.33171430230140686
position	3059049	15	-0.17677778005599976	-0.33417144417762756
position	3059798	15	-0.17319445312023163	-0.3353999853134155
position	3060536	15	-0.16722220182418823	-0.3403142988681793
position	3061247	15	-0.16005554795265198	-0.3415428698062897
position	3062065	15	-0.15408334136009216	-0.3427714407444
position	3062731	15	-0.14811109006404877	-0.3440000116825104
position	3063468	15	-0.14452776312828064	-0.3440000116825104
position	3064215	15	-0.13975001871585846	-0.3452285826206207
position	3064950	15	-0.13616669178009033	-0.3452285826206207
position	3065662	15	-0.13258330523967743	-0.3464571237564087
position	3066415	15	-0.12780557572841644	-0.3464571237564087
position	3067153	15	-0.12422224134206772	-0.3464571237564087
position	3067914	15	-0.11824999004602432	-0.3464571237564087
position	3068636	15	-0.11108332872390747	-0.3464571237564087
position	3069365	15	-0.10630553960800171	-0.3464571237564087
position	3070093	15	-0.10272221267223358	-0.3464571237564087
position	3070858	15	-0.09675001353025436	-0.3464571237564087
position	3071570	15	-0.0919722244143486	-0.3464571237564087
position	3072343	15	-0.08958335220813751	-0.3464571237564087
position	3073132	15	-0.08480556309223175	-0.3464571237564087
position	3073806	15	-0.07883331179618835	-0.3452285826206207
position	3074559	15	-0.07405557483434677	-0.3452285826206207
position	3075339	15	-0.07047224044799805	-0.3427714407444
position	3076023	15	-0.06808332353830338	-0.3427714407444
position	3076758	15	-0.06569445133209229	-0.3427714407444
position	3077558	15	-0.0633055791258812	-0.3427714407444
position	3078254	15	-0.06211112067103386	-0.3403142988681793
position	3078962	15	-0.05852779000997543	-0.3403142988681793
position	3079707	15	-0.05136113241314888	-0.3415428698062897
position	3080458	15	-0.045388881117105484	-0.3415428698062897
position	3081199	15	-0.04061109200119972	-0.3415428698062897
position	3081930	15	-0.03583335131406784	-0.3415428698062897
position	3082658	15	-0.032250020653009415	-0.3415428698062897
position	3083405	15	-0.028666691854596138	-0.3415428698062897
position	3084149	15	-0.023888900876045227	-0.3403142988681793
position	3084964	15	-0.021499980241060257	-0.3403142988681793
position	3085613	15	-0.015527780167758465	-0.3403142988681793
position	3086356	15	-0.010749990120530128	-0.33908572793006897
position	3087142	15	-0.008361120708286762	-0.33785712718963623
position	3087847	15	-0.004777790512889624	-0.33785712718963623
position	3088562	15	-0.003583329962566495	-0.33785712718963623
position	3089283	15	0	-0.33662858605384827
position	3090059	15	0.001194434822537005	-0.3353999853134155
position	3090823	15	0.005972225219011307	-0.3353999853134155
position	3091524	15	0.008361120708286762	-0.3329428732395172
position	3092240	15	0.01313888467848301	-0.33171430230140686
position	3093064	15	0.016722215339541435	-0.3329428732395172
position	3093722	15	0.021500006318092346	-0.33171430230140686
position	3094474	15	0.025083335116505623	-0.33171430230140686
position	3095206	15	0.027472231537103653	-0.32925716042518616
position	3096001	15	0.029861100018024445	-0.3280285894870758
position	3096698	15	0.03105556033551693	-0.3255714178085327
position	3097478	15	0.034638889133930206	-0.3231143057346344
position	3098150	15	0.034638889133930206	-0.3231143057346344
position	3098914	15	0.03583332523703575	-0.32188570499420166
position	3099645	15	0.03941665589809418	-0.32188570499420166
