position	127189	1	0.10555556416511536	0.1499999761581421
position	127894	1	0.09861111640930176	0.12142854928970337
position	128694	1	0.09166666865348816	0.12000000476837158
position	129357	1	0.08750000596046448	0.11714285612106323
position	130116	1	0.08611109852790833	0.11714285612106323
position	130881	1	0.08194443583488464	0.11571431159973145
position	131557	1	0.07361111044883728	0.11571431159973145
position	132274	1	0.06388887763023376	0.1128571629524231
position	133062	1	0.056944429874420166	0.11142855882644653
position	133798	1	0.050000011920928955	0.11000001430511475
position	134561	1	0.043055564165115356	0.10857141017913818
position	135270	1	0.03333333134651184	0.1071428656578064
position	136011	1	0.025000005960464478	0.10571426153182983
position	136744	1	0.019444435834884644	0.10571426153182983
position	137527	1	0.016666680574417114	0.10428571701049805
position	138228	1	0.012499988079071045	0.10285717248916626
position	138966	1	0.006944447755813599	0.10285717248916626
position	139699	1	0	0.10285717248916626
position	140445	1	-0.008333325386047363	0.10285717248916626
position	141192	1	-0.013888895511627197	0.1014285683631897
position	141926	1	-0.01805555820465088	0.1014285683631897
position	142663	1	-0.023611128330230713	0.1014285683631897
position	143411	1	-0.027777791023254395	0.1014285683631897
position	144150	1	-0.030555546283721924	0.1014285683631897
position	144864	1	-0.03611111640930176	0.1014285683631897
position	145601	1	-0.04305553436279297	0.1014285683631897
position	146329	1	-0.050000011920928955	0.1014285683631897
position	147099	1	-0.05416667461395264	0.1014285683631897
position	147826	1	-0.05833333730697632	0.1014285683631897
position	148569	1	-0.06388890743255615	0.10000002384185791
position	149310	1	-0.06666666269302368	0.10000002384185791
position	150038	1	-0.07083332538604736	0.10000002384185791
position	150763	1	-0.07361114025115967	0.10000002384185791
position	151520	1	-0.07777780294418335	0.10000002384185791
position	152255	1	-0.08333331346511841	0.10000002384185791
position	153005	1	-0.08888888359069824	0.09857141971588135
position	153747	1	-0.09166663885116577	0.09857141971588135
position	154477	1	-0.09305554628372192	0.09857141971588135
position	155202	1	-0.09583336114883423	0.09857141971588135
position	155950	1	-0.0972222089767456	0.09857141971588135
position	156706	1	-0.09861111640930176	0.09714287519454956
position	157421	1	-0.10277777910232544	0.09714287519454956
position	158173	1	-0.10555553436279297	0.095714271068573
position	158918	1	-0.10694444179534912	0.095714271068573
position	159643	1	-0.1111111044883728	0.09428572654724121
position	160405	1	-0.11388885974884033	0.09285712242126465
position	161121	1	-0.11805558204650879	0.09285712242126465
position	161873	1	-0.11944442987442017	0.0899999737739563
position	162598	1	-0.12222224473953247	0.0899999737739563
position	163399	1	-0.12638890743255615	0.08857142925262451
position	164056	1	-0.1319444179534912	0.08714288473129272
position	164820	1	-0.13749998807907104	0.08285713195800781
position	165551	1	-0.14027780294418335	0.08142858743667603
position	166315	1	-0.14444446563720703	0.07999998331069946
position	167019	1	-0.1458333134651184	0.07571429014205933
position	167827	1	-0.15138888359069824	0.07428568601608276
position	168512	1	-0.15694445371627808	0.07142859697341919
position	169265	1	-0.1625000238418579	0.06999999284744263
position	169998	1	-0.1666666865348816	0.06714284420013428
position	170878	1	-0.17083334922790527	0.06285715103149414
position	171454	1	-0.17500001192092896	0.06000000238418579
position	172213	1	-0.17777776718139648	0.055714309215545654
position	172932	1	-0.18194442987442017	0.05428570508956909
position	173691	1	-0.18472224473953247	0.050000011920928955
position	174409	1	-0.19027775526046753	0.044285714626312256
position	175158	1	-0.19305557012557983	0.04000002145767212
position	175899	1	-0.1944444179534912	0.03714287281036377
position	176679	1	-0.19861114025115967	0.03285712003707886
position	177366	1	-0.2013888955116272	0.02857142686843872
position	178109	1	-0.20277780294418335	0.02571427822113037
position	178845	1	-0.20416665077209473	0.02285712957382202
position	179593	1	-0.2083333134651184	0.021428585052490234
position	180316	1	-0.2111111283302307	0.017142832279205322
position	181063	1	-0.2124999761581421	0.015714287757873535
position	181796	1	-0.2152777910232544	0.011428594589233398
position	182554	1	-0.21666663885116577	0.007142841815948486
position	183287	1	-0.21805554628372192	0.0014285445213317871
position	184014	1	-0.22083336114883423	-0.0028571486473083496
position	184738	1	-0.2222222089767456	-0.007142871618270874
position	185493	1	-0.22361111640930176	-0.012857139110565186
position	186215	1	-0.2250000238418579	-0.01714286208152771
position	186969	1	-0.22777777910232544	-0.02000001072883606
position	187705	1	-0.23055553436279297	-0.02571427822113037
position	188460	1	-0.23333334922790527	-0.032857149839401245
position	189177	1	-0.23750001192092896	-0.03857141733169556
position	189919	1	-0.23888885974884033	-0.04571428894996643
position	190646	1	-0.23888885974884033	-0.04857143759727478
position	191379	1	-0.23888885974884033	-0.05285713076591492
position	192096	1	-0.23888885974884033	-0.058571428060531616
position	192833	1	-0.23888885974884033	-0.06285715103149414
position	193581	1	-0.23888885974884033	-0.06714284420013428
position	194322	1	-0.23888885974884033	-0.0714285671710968
position	195044	1	-0.2361111044883728	-0.07571429014205933
position	195853	1	-0.2361111044883728	-0.08142855763435364
position	196544	1	-0.2361111044883728	-0.08428570628166199
position	197257	1	-0.2361111044883728	-0.09000000357627869
position	198013	1	-0.23472219705581665	-0.095714271068573
position	198752	1	-0.23333334922790527	-0.09999999403953552
position	199493	1	-0.23194444179534912	-0.10571429133415222
position	200231	1	-0.23194444179534912	-0.11285713315010071
position	200953	1	-0.23055553436279297	-0.11714285612106323
position	201698	1	-0.22777777910232544	-0.12285715341567993
position	202435	1	-0.2263888716697693	-0.12999999523162842
position	203172	1	-0.2263888716697693	-0.13428571820259094
position	203909	1	-0.2263888716697693	-0.13999998569488525
position	204646	1	-0.2222222089767456	-0.14714285731315613
position	205400	1	-0.21944445371627808	-0.154285728931427
position	206149	1	-0.2152777910232544	-0.15857142210006714
position	206897	1	-0.2111111283302307	-0.165714293718338
position	207603	1	-0.20555555820465088	-0.17142856121063232
position	208396	1	-0.20277780294418335	-0.17714285850524902
position	209067	1	-0.19999998807907104	-0.1842857003211975
position	209829	1	-0.1944444179534912	-0.19142857193946838
position	210573	1	-0.19166666269302368	-0.19857141375541687
position	211303	1	-0.18611109256744385	-0.20428571105003357
position	212046	1	-0.1805555820465088	-0.21142858266830444
position	212791	1	-0.17638885974884033	-0.21571427583694458
position	213519	1	-0.1736111044883728	-0.22285714745521545
position	214276	1	-0.16944444179534912	-0.22857141494750977
position	214993	1	-0.1638888716697693	-0.2328571379184723
position	215763	1	-0.15555554628372192	-0.238571435213089
position	216454	1	-0.14722222089767456	-0.24285712838172913
position	217221	1	-0.1388888955116272	-0.24714285135269165
position	217939	1	-0.13055557012557983	-0.25285714864730835
position	218700	1	-0.12083333730697632	-0.2557142972946167
position	219425	1	-0.11388885974884033	-0.261428564786911
position	220169	1	-0.10694444179534912	-0.26428571343421936
position	220889	1	-0.10000002384185791	-0.2685714364051819
position	221635	1	-0.09305554628372192	-0.27142858505249023
position	222369	1	-0.08333331346511841	-0.27571427822113037
position	223105	1	-0.07499998807907104	-0.27714285254478455
position	223869	1	-0.06388890743255615	-0.2800000011920929
position	224617	1	-0.05555558204650879	-0.28142857551574707
position	225308	1	-0.04722219705581665	-0.28285714983940125
position	226053	1	-0.03888887166976929	-0.2842857241630554
position	226816	1	-0.031944453716278076	-0.28714287281036377
position	227550	1	-0.026388883590698242	-0.2900000214576721
position	228282	1	-0.01944446563720703	-0.2928571403026581
position	229026	1	-0.009722232818603516	-0.2985714077949524
position	229749	1	-0.0013889074325561523	-0.2971428632736206
position	230537	1	0.006944447755813599	-0.2971428632736206
position	231241	1	0.015277773141860962	-0.2971428632736206
position	231957	1	0.026388883590698242	-0.2971428632736206
position	232706	1	0.03611111640930176	-0.29571428894996643
position	233459	1	0.045833319425582886	-0.29428571462631226
position	234175	1	0.0555555522441864	-0.2900000214576721
position	234918	1	0.06805557012557983	-0.28857141733169556
position	235687	1	0.07777777314186096	-0.2857142686843872
position	236389	1	0.08750000596046448	-0.2842857241630554
position	237137	1	0.09861111640930176	-0.28142857551574707
position	237884	1	0.10833331942558289	-0.27714285254478455
position	238631	1	0.11944442987442017	-0.2742857336997986
position	239351	1	0.12777778506278992	-0.2685714364051819
position	240111	1	0.13611111044883728	-0.26428571343421936
position	240840	1	0.14722222089767456	-0.25999999046325684
position	241562	1	0.15138888359069824	-0.25428569316864014
position	242308	1	0.1597222089767456	-0.25
position	243030	1	0.17222222685813904	-0.24571427702903748
position	243778	1	0.18194442987442017	-0.24000000953674316
position	244521	1	0.1875	-0.23571428656578064
position	245253	1	0.19583332538604736	-0.22999998927116394
position	245989	1	0.20277777314186096	-0.22285714745521545
position	246724	1	0.2083333432674408	-0.21571427583694458
position	247473	1	0.2152777910232544	-0.21000000834465027
position	248198	1	0.21944445371627808	-0.19999998807907104
position	248939	1	0.22499999403953552	-0.1957142949104309
position	249673	1	0.23194444179534912	-0.19142857193946838
position	250418	1	0.2361111044883728	-0.18571427464485168
position	251165	1	0.23888888955116272	-0.1785714328289032
position	251929	1	0.24166667461395264	-0.17142856121063232
position	252609	1	0.2430555522441864	-0.16428571939468384
position	253359	1	0.24583333730697632	-0.1557142734527588
position	254104	1	0.24722221493721008	-0.1485714316368103
position	254845	1	0.25	-0.13857144117355347
position	255582	1	0.2527777850627899	-0.12714284658432007
position	256322	1	0.25555557012557983	-0.11571428179740906
position	257082	1	0.2597222328186035	-0.10285714268684387
position	257821	1	0.26249998807907104	-0.09285715222358704
position	258538	1	0.2666666507720947	-0.08142855763435364
position	259298	1	0.26944446563720703	-0.06999999284744263
position	260029	1	0.2736111283302307	-0.05714285373687744
position	260754	1	0.2750000059604645	-0.04285714030265808
position	261510	1	0.2777777910232544	-0.02285712957382202
position	262256	1	0.2819444537162781	-0.004285722970962524
position	262990	1	0.28333333134651184	0.012857139110565186
position	263787	1	0.2874999940395355	0.03285712003707886
position	264635	1	0.2888888716697693	0.052857160568237305
position	265226	1	0.2916666865348816	0.07571429014205933
position	265945	1	0.2916666865348816	0.09285712242126465
position	266695	1	0.2888888716697693	0.10857141017913818
position	267458	1	0.28333333134651184	0.12428569793701172
position	268151	1	0.27638888359069824	0.14142858982086182
position	268939	1	0.2680555582046509	0.154285728931427
position	269698	1	0.2611111104488373	0.16285711526870728
position	270387	1	0.25138890743255615	0.17142856121063232
position	271092	1	0.24027776718139648	0.17571431398391724
position	271889	1	0.22777777910232544	0.18142855167388916
position	272573	1	0.20694443583488464	0.18571430444717407
position	273360	1	0.1875	0.1899999976158142
position	274062	1	0.15833333134651184	0.19285714626312256
position	274816	1	0.1319444477558136	0.1899999976158142
position	275550	1	0.10833331942558289	0.18714284896850586
position	276285	1	0.08472222089767456	0.18000000715255737
position	277073	1	0.05972221493721008	0.1728571653366089
position	277783	1	0.03611111640930176	0.16285711526870728
position	278528	1	0.015277773141860962	0.1557142734527588
position	279228	1	-0.008333325386047363	0.14714282751083374
position	279979	1	-0.030555546283721924	0.13142859935760498
position	280706	1	-0.05416667461395264	0.12000000476837158
position	281465	1	-0.07777780294418335	0.11000001430511475
position	282176	1	-0.09861111640930176	0.1014285683631897
position	282978	1	-0.11944442987442017	0.09428572654724121
position	283679	1	-0.1388888955116272	0.0899999737739563
position	284404	1	-0.15416663885116577	0.08571428060531616
position	285125	1	-0.17083334922790527	0.08142858743667603
position	285920	1	-0.18472224473953247	0.07857143878936768
position	286626	1	-0.19999998807907104	0.07428568601608276
position	287350	1	-0.21388888359069824	0.07428568601608276
position	288077	1	-0.2291666865348816	0.07428568601608276
position	288821	1	-0.2430555820465088	0.07571429014205933
position	289591	1	-0.2569444179534912	0.07999998331069946
position	290297	1	-0.2708333134651184	0.08285713195800781
position	291035	1	-0.2847222089767456	0.08857142925262451
position	291773	1	-0.2958333492279053	0.095714271068573
position	292539	1	-0.3083333373069763	0.10285717248916626
position	293257	1	-0.3194444179534912	0.1128571629524231
position	294000	1	-0.3291666507720947	0.12000000476837158
position	294731	1	-0.34166663885116577	0.12857145071029663
position	295460	1	-0.35555553436279297	0.13999998569488525
position	296225	1	-0.36666667461395264	0.154285728931427
position	296940	1	-0.37361109256744385	0.1671428680419922
position	297663	1	-0.3791666626930237	0.18000000715255737
position	298421	1	-0.3847222328186035	0.1957142949104309
position	299172	1	-0.3888888955116272	0.21285712718963623
position	299903	1	-0.39027780294418335	0.23285716772079468
position	300623	1	-0.3916666507720947	0.2485714554786682
position	301374	1	-0.3888888955116272	0.26571428775787354
position	302108	1	-0.38611114025115967	0.2842857241630554
position	302832	1	-0.38055557012557983	0.30000001192092896
position	303557	1	-0.37222224473953247	0.31285715103149414
position	304301	1	-0.36388885974884033	0.3214285969734192
position	305034	1	-0.3569444417953491	0.331428587436676
position	305798	1	-0.3513888716697693	0.3399999737739563
position	306512	1	-0.33472222089767456	0.34714287519454956
position	307278	1	-0.3194444179534912	0.3571428656578064
position	308008	1	-0.30694442987442017	0.36571431159973145
position	308757	1	-0.2847222089767456	0.37285715341567993
position	309468	1	-0.26527780294418335	0.3799999952316284
position	310235	1	-0.24861109256744385	0.3871428370475769
position	310958	1	-0.2291666865348816	0.3928571343421936
position	311713	1	-0.20277780294418335	0.39571428298950195
position	312426	1	-0.17500001192092896	0.3999999761581421
position	313509	1	-0.1527777910232544	0.40142858028411865
position	313893	1	-0.13055557012557983	0.40714287757873535
position	314700	1	-0.10277777910232544	0.4100000262260437
position	315413	1	-0.0763888955116272	0.4114285707473755
position	316148	1	-0.052777767181396484	0.4114285707473755
position	316871	1	-0.02499997615814209	0.40857142210006714
position	317615	1	0.002777785062789917	0.40714287757873535
position	318345	1	0.02916666865348816	0.404285728931427
position	319087	1	0.0555555522441864	0.3999999761581421
position	319825	1	0.07777777314186096	0.39571428298950195
position	320593	1	0.09999999403953552	0.38999998569488525
position	321307	1	0.12361112236976624	0.3857142925262451
position	322044	1	0.14305555820465088	0.3799999952316284
position	322788	1	0.16249999403953552	0.3742856979370117
position	323534	1	0.17916667461395264	0.36714285612106323
position	324253	1	0.19999998807907104	0.3585714101791382
position	325007	1	0.21250000596046448	0.3500000238418579
position	325715	1	0.2222222089767456	0.34285712242126465
position	326485	1	0.23333331942558289	0.3342857360839844
position	327193	1	0.23750001192092896	0.3199999928474426
position	327958	1	0.2430555522441864	0.3028571605682373
position	328694	1	0.25	0.2857142686843872
position	329416	1	0.2527777850627899	0.27142858505249023
position	330146	1	0.25138890743255615	0.2571428418159485
position	330927	1	0.24722221493721008	0.24142855405807495
position	331641	1	0.24027776718139648	0.22142857313156128
position	332391	1	0.23194444179534912	0.2014285922050476
position	333115	1	0.22361111640930176	0.1842857003211975
position	333856	1	0.21111109852790833	0.1671428680419922
position	334614	1	0.19722223281860352	0.1499999761581421
position	335333	1	0.1805555522441864	0.13142859935760498
position	336069	1	0.16388890147209167	0.11714285612106323
position	336818	1	0.1458333432674408	0.10571426153182983
position	337559	1	0.12638887763023376	0.09142857789993286
position	338293	1	0.10555556416511536	0.07857143878936768
position	339012	1	0.08611109852790833	0.06571429967880249
position	339768	1	0.06666666269302368	0.05142855644226074
position	340505	1	0.04722222685813904	0.04000002145767212
position	341255	1	0.02916666865348816	0.027142882347106934
position	341980	1	0.013888895511627197	0.017142832279205322
position	342720	1	-0.0013889074325561523	0.009999990463256836
position	343424	1	-0.016666650772094727	0.0014285445213317871
position	344174	1	-0.034722208976745605	-0.007142871618270874
position	344893	1	-0.05138885974884033	-0.015714287757873535
position	345674	1	-0.06527775526046753	-0.027142852544784546
position	346388	1	-0.08194446563720703	-0.03714284300804138
position	347101	1	-0.09583336114883423	-0.04857143759727478
position	347842	1	-0.11250001192092896	-0.05714285373687744
position	348585	1	-0.12916666269302368	-0.06857141852378845
position	349363	1	-0.1458333134651184	-0.08142855763435364
position	350048	1	-0.1625000238418579	-0.09714284539222717
position	350813	1	-0.17916667461395264	-0.11428570747375488
position	351535	1	-0.19861114025115967	-0.1314285695552826
position	352274	1	-0.21388888359069824	-0.15000000596046448
position	353032	1	-0.2250000238418579	-0.165714293718338
position	353764	1	-0.24166667461395264	-0.18142858147621155
position	354507	1	-0.25138890743255615	-0.19857141375541687
position	355232	1	-0.25833332538604736	-0.21142858266830444
position	356025	1	-0.2638888955116272	-0.22428572177886963
position	356696	1	-0.26944446563720703	-0.23571428656578064
position	357431	1	-0.26944446563720703	-0.2442857027053833
position	358188	1	-0.2736111283302307	-0.25428569316864014
position	358906	1	-0.2749999761581421	-0.26428571343421936
position	359665	1	-0.27222222089767456	-0.27571427822113037
position	360383	1	-0.2708333134651184	-0.2857142686843872
position	361162	1	-0.26527780294418335	-0.29428571462631226
position	361894	1	-0.26111114025115967	-0.3028571605682373
position	362630	1	-0.25555557012557983	-0.3085714280605316
position	363346	1	-0.24861109256744385	-0.3142856955528259
position	364115	1	-0.2361111044883728	-0.3199999928474426
position	364845	1	-0.2250000238418579	-0.3257142901420593
position	365617	1	-0.2111111283302307	-0.32999998331069946
position	366296	1	-0.19722223281860352	-0.33571428060531616
position	367048	1	-0.1805555820465088	-0.3385714292526245
position	367777	1	-0.1625000238418579	-0.3400000035762787
position	368552	1	-0.14444446563720703	-0.3442857265472412
position	369262	1	-0.12638890743255615	-0.34857141971588135
position	370000	1	-0.10972219705581665	-0.3499999940395355
position	370722	1	-0.09166663885116577	-0.3514285683631897
position	371490	1	-0.07499998807907104	-0.3514285683631897
position	372205	1	-0.05833333730697632	-0.3499999940395355
position	372969	1	-0.03888887166976929	-0.34714287519454956
position	373708	1	-0.020833313465118408	-0.345714271068573
position	374442	1	-0.005555570125579834	-0.34714287519454956
position	375163	1	0.012499988079071045	-0.34714287519454956
position	375913	1	0.027777791023254395	-0.34714287519454956
position	376646	1	0.04444444179534912	-0.34714287519454956
position	377415	1	0.05833333730697632	-0.34714287519454956
position	378132	1	0.07361111044883728	-0.34714287519454956
position	378866	1	0.08750000596046448	-0.34714287519454956
position	379600	1	0.0972222089767456	-0.34714287519454956
position	380339	1	0.10555556416511536	-0.3442857265472412
position	381061	1	0.11250001192092896	-0.345714271068573
position	381813	1	0.11527776718139648	-0.345714271068573
position	382534	1	0.11666667461395264	-0.345714271068573
position	383365	1	0.1180555522441864	-0.345714271068573
position	417960	1	0.1180555522441864	-0.345714271068573
position	418456	1	0.11666667461395264	-0.34285712242126465
position	419174	1	0.11527776718139648	-0.3400000035762787
position	420190	1	0.1111111044883728	-0.33714285492897034
position	420938	1	0.10694444179534912	-0.3328571319580078
position	421710	1	0.1041666567325592	-0.3285714387893677
position	422383	1	0.09999999403953552	-0.322857141494751
position	423112	1	0.09583333134651184	-0.31857144832611084
position	423865	1	0.09305554628372192	-0.31285715103149414
position	424642	1	0.09166666865348816	-0.30714285373687744
position	425362	1	0.08472222089767456	-0.30142855644226074
position	426074	1	0.08055555820465088	-0.29571428894996643
position	426838	1	0.07916668057441711	-0.28714287281036377
position	427549	1	0.07361111044883728	-0.2785714268684387
position	428347	1	0.07083332538604736	-0.27142858505249023
position	429026	1	0.06805557012557983	-0.26571428775787354
position	429803	1	0.06388887763023376	-0.25857144594192505
position	430514	1	0.05833333730697632	-0.2514285743236542
position	431320	1	0.05416667461395264	-0.2442857027053833
position	432000	1	0.04722222685813904	-0.23571428656578064
position	432722	1	0.041666656732559204	-0.22428572177886963
position	433462	1	0.03749999403953552	-0.21142858266830444
position	434252	1	0.031944453716278076	-0.19857141375541687
position	434973	1	0.025000005960464478	-0.1842857003211975
position	435693	1	0.013888895511627197	-0.1728571355342865
position	436414	1	0.002777785062789917	-0.15857142210006714
position	437161	1	-0.008333325386047363	-0.14571428298950195
position	437896	1	-0.01944446563720703	-0.12857142090797424
position	438642	1	-0.031944453716278076	-0.10857143998146057
position	439379	1	-0.04583334922790527	-0.09285715222358704
position	440131	1	-0.056944429874420166	-0.0771428644657135
position	440858	1	-0.06944441795349121	-0.061428576707839966
position	441591	1	-0.07777780294418335	-0.04571428894996643
position	442318	1	-0.0972222089767456	-0.030000001192092896
position	443085	1	-0.11250001192092896	-0.009999990463256836
position	443842	1	-0.125	0.005714297294616699
position	444535	1	-0.14027780294418335	0.019999980926513672
position	445281	1	-0.1527777910232544	0.03714287281036377
position	446023	1	-0.1666666865348816	0.058571457862854004
position	446757	1	-0.1805555820465088	0.07714283466339111
position	447502	1	-0.19027775526046753	0.09428572654724121
position	448228	1	-0.20416665077209473	0.11428570747375488
position	448967	1	-0.21666663885116577	0.13285714387893677
position	449708	1	-0.2291666865348816	0.1485714316368103
position	450444	1	-0.23750001192092896	0.16428571939468384
position	451185	1	-0.24444442987442017	0.17714285850524902
position	451920	1	-0.25	0.18857145309448242
position	452686	1	-0.25277775526046753	0.1971428394317627
position	453413	1	-0.25555557012557983	0.20571428537368774
position	454180	1	-0.2569444179534912	0.21285712718963623
position	454872	1	-0.26111114025115967	0.2200000286102295
position	455607	1	-0.2638888955116272	0.22285711765289307
position	456338	1	-0.26527780294418335	0.22571426630020142
position	457080	1	-0.26527780294418335	0.22714287042617798
position	457812	1	-0.2666666507720947	0.22714287042617798
position	458566	1	-0.2666666507720947	0.23000001907348633
position	459340	1	-0.2666666507720947	0.23428571224212646
position	460048	1	-0.2666666507720947	0.23714286088943481
position	461506	1	-0.2749999761581421	0.23714286088943481
position	462053	1	-0.27638888359069824	0.23714286088943481
