position	125745	2	-0.2847222089767456	0.23714286088943481
position	126488	2	-0.29027777910232544	0.2142857313156128
position	127238	2	-0.2944444417953491	0.19857144355773926
position	127935	2	-0.29722219705581665	0.18142855167388916
position	128660	2	-0.30138885974884033	0.17714285850524902
position	129407	2	-0.30000001192092896	0.16857141256332397
position	130139	2	-0.3027777671813965	0.15857142210006714
position	130882	2	-0.3027777671813965	0.1499999761581421
position	131635	2	-0.30416667461395264	0.13857144117355347
position	132353	2	-0.3055555820465088	0.13142859935760498
position	133092	2	-0.30694442987442017	0.12428569793701172
position	133825	2	-0.30694442987442017	0.11571431159973145
position	134610	2	-0.3083333373069763	0.1071428656578064
position	135309	2	-0.3083333373069763	0.10000002384185791
position	136056	2	-0.3083333373069763	0.09428572654724121
position	136804	2	-0.3083333373069763	0.08714288473129272
position	137534	2	-0.3083333373069763	0.07857143878936768
position	138305	2	-0.3055555820465088	0.06714284420013428
position	139024	2	-0.3055555820465088	0.05714285373687744
position	139772	2	-0.30416667461395264	0.047142863273620605
position	140482	2	-0.30000001192092896	0.03857141733169556
position	141262	2	-0.2986111044883728	0.029999971389770508
position	141970	2	-0.2944444417953491	0.02285712957382202
position	142714	2	-0.2888888716697693	0.015714287757873535
position	143465	2	-0.28333336114883423	0.005714297294616699
position	144229	2	-0.2805555462837219	-0.0028571486473083496
position	144917	2	-0.2749999761581421	-0.01142856478691101
position	145666	2	-0.27222222089767456	-0.024285703897476196
position	146400	2	-0.2666666507720947	-0.03428572416305542
position	147174	2	-0.2638888955116272	-0.04285714030265808
position	147882	2	-0.25833332538604736	-0.05142858624458313
position	148645	2	-0.2541666626930237	-0.06000000238418579
position	149336	2	-0.24722224473953247	-0.06857141852378845
position	150088	2	-0.24027776718139648	-0.07857143878936768
position	150805	2	-0.23333334922790527	-0.08714285492897034
position	151572	2	-0.2263888716697693	-0.09714284539222717
position	152284	2	-0.21666663885116577	-0.10571429133415222
position	153023	2	-0.20416665077209473	-0.11428570747375488
position	153747	2	-0.1944444179534912	-0.1242857277393341
position	154507	2	-0.18194442987442017	-0.13285714387893677
position	155252	2	-0.16805553436279297	-0.13999998569488525
position	155979	2	-0.15555554628372192	-0.14714285731315613
position	156719	2	-0.14166665077209473	-0.15285715460777283
position	157583	2	-0.12638890743255615	-0.1599999964237213
position	158174	2	-0.10972219705581665	-0.16428571939468384
position	158940	2	-0.09444445371627808	-0.16857144236564636
position	159671	2	-0.07361114025115967	-0.17428570985794067
position	160430	2	-0.05555558204650879	-0.17571428418159485
position	161169	2	-0.034722208976745605	-0.17714285850524902
position	161902	2	-0.01527780294418335	-0.17428570985794067
position	162643	2	0.008333325386047363	-0.16999998688697815
position	163383	2	0.030555546283721924	-0.1614285707473755
position	164103	2	0.04722222685813904	-0.1557142734527588
position	164870	2	0.07083332538604736	-0.14571428298950195
position	165590	2	0.0902777910232544	-0.13857144117355347
position	166329	2	0.10555556416511536	-0.12857142090797424
position	167080	2	0.11666667461395264	-0.11428570747375488
position	167777	2	0.125	-0.09857141971588135
position	168543	2	0.1319444477558136	-0.08714285492897034
position	169288	2	0.1388888955116272	-0.07571429014205933
position	170026	2	0.1458333432674408	-0.06571429967880249
position	170789	2	0.15138888359069824	-0.05571427941322327
position	171491	2	0.15416666865348816	-0.044285714626312256
position	172250	2	0.15555554628372192	-0.030000001192092896
position	172968	2	0.15555554628372192	-0.01714286208152771
position	173690	2	0.15555554628372192	-0.0028571486473083496
position	174416	2	0.15000000596046448	0.011428594589233398
position	175192	2	0.14722222089767456	0.027142882347106934
position	175913	2	0.14166668057441711	0.047142863273620605
position	176659	2	0.13472223281860352	0.06714284420013428
position	177387	2	0.12777778506278992	0.08857142925262451
position	178122	2	0.12083333730697632	0.1071428656578064
position	178874	2	0.11250001192092896	0.12428569793701172
position	179623	2	0.0972222089767456	0.13999998569488525
position	180359	2	0.08055555820465088	0.1557142734527588
position	181072	2	0.061111122369766235	0.1671428680419922
position	181829	2	0.04444444179534912	0.17571431398391724
position	182559	2	0.02222222089767456	0.18285715579986572
position	183317	2	0	0.1899999976158142
position	184042	2	-0.02222222089767456	0.1971428394317627
position	184776	2	-0.04583334922790527	0.2028571367263794
position	185520	2	-0.07083332538604736	0.2085714340209961
position	186277	2	-0.09583336114883423	0.21285712718963623
position	187008	2	-0.12638890743255615	0.21714287996292114
position	187618	2	-0.13472223281860352	0.21857142448425293
position	238661	2	-0.17500001192092896	0.2200000286102295
position	239421	2	-0.18888890743255615	0.1971428394317627
position	240154	2	-0.19861114025115967	0.17428570985794067
position	240872	2	-0.20972222089767456	0.14428573846817017
position	241592	2	-0.2152777910232544	0.12571430206298828
position	242324	2	-0.22361111640930176	0.1071428656578064
position	243092	2	-0.23055553436279297	0.08714288473129272
position	243799	2	-0.2430555820465088	0.06571429967880249
position	244618	2	-0.25555557012557983	0.04000002145767212
position	245321	2	-0.26527780294418335	0.017142832279205322
position	246104	2	-0.2708333134651184	-0.005714297294616699
position	246775	2	-0.27638888359069824	-0.027142852544784546
position	247606	2	-0.2777777910232544	-0.047142863273620605
position	248249	2	-0.2805555462837219	-0.061428576707839966
position	249026	2	-0.28333336114883423	-0.0771428644657135
position	249749	2	-0.2847222089767456	-0.09285715222358704
position	250492	2	-0.2847222089767456	-0.11142855882644653
position	251224	2	-0.2819444537162781	-0.12714284658432007
position	252094	2	-0.27638888359069824	-0.14142856001853943
position	252701	2	-0.2708333134651184	-0.15714284777641296
position	253438	2	-0.26527780294418335	-0.17428570985794067
position	254185	2	-0.25833332538604736	-0.1899999976158142
position	254930	2	-0.24722224473953247	-0.20571428537368774
position	255634	2	-0.2361111044883728	-0.21714285016059875
position	256366	2	-0.22083336114883423	-0.22857141494750977
position	257115	2	-0.20555555820465088	-0.23714286088943481
position	257862	2	-0.18888890743255615	-0.2442857027053833
position	258612	2	-0.1666666865348816	-0.2514285743236542
position	259329	2	-0.14444446563720703	-0.25857144594192505
position	260064	2	-0.11944442987442017	-0.2628571391105652
position	260856	2	-0.09444445371627808	-0.26571428775787354
position	261546	2	-0.06944441795349121	-0.2671428620815277
position	262305	2	-0.04583334922790527	-0.26428571343421936
position	263031	2	-0.020833313465118408	-0.261428564786911
position	263789	2	0.002777785062789917	-0.2557142972946167
position	264491	2	0.02916666865348816	-0.25
position	265250	2	0.05138888955116272	-0.24714285135269165
position	265993	2	0.07777777314186096	-0.24285712838172913
position	266755	2	0.10138890147209167	-0.23714286088943481
position	267460	2	0.12361112236976624	-0.23571428656578064
position	268223	2	0.14444443583488464	-0.2328571379184723
position	268930	2	0.1666666567325592	-0.2328571379184723
position	269684	2	0.19027778506278992	-0.2328571379184723
position	270405	2	0.21111109852790833	-0.2328571379184723
position	271198	2	0.2291666567325592	-0.23428571224212646
position	271905	2	0.24722221493721008	-0.23571428656578064
position	272655	2	0.26249998807907104	-0.23714286088943481
position	273362	2	0.27638888359069824	-0.23714286088943481
position	274114	2	0.2888888716697693	-0.23714286088943481
position	274843	2	0.3013888895511627	-0.23142856359481812
position	275574	2	0.3083333373069763	-0.22285714745521545
position	276316	2	0.3166666626930237	-0.21714285016059875
position	277097	2	0.32083332538604736	-0.2085714340209961
position	277794	2	0.32499998807907104	-0.19999998807907104
position	278521	2	0.32777777314186096	-0.18571427464485168
position	279268	2	0.32777777314186096	-0.17142856121063232
position	279989	2	0.32777777314186096	-0.1557142734527588
position	280721	2	0.3222222328186035	-0.13285714387893677
position	281483	2	0.32083332538604736	-0.10285714268684387
position	282210	2	0.3194444477558136	-0.07285714149475098
position	282972	2	0.31805557012557983	-0.03999999165534973
position	283692	2	0.3194444477558136	-0.01142856478691101
position	284411	2	0.3236111104488373	0.012857139110565186
position	285143	2	0.3291666507720947	0.04000002145767212
position	285918	2	0.3333333134651184	0.06857144832611084
position	286658	2	0.3375000059604645	0.09857141971588135
position	287384	2	0.3430555462837219	0.12571430206298828
position	288124	2	0.3472222089767456	0.15285712480545044
position	288863	2	0.34861111640930176	0.1785714030265808
position	289613	2	0.3499999940395355	0.20428574085235596
position	290342	2	0.3499999940395355	0.22571426630020142
position	291087	2	0.34861111640930176	0.2428571581840515
position	291811	2	0.3444444537162781	0.25428569316864014
position	292574	2	0.34166666865348816	0.26428574323654175
position	293310	2	0.3361111283302307	0.26999998092651367
position	294035	2	0.3222222328186035	0.27714288234710693
position	294765	2	0.30416667461395264	0.28142857551574707
position	295529	2	0.2819444537162781	0.2857142686843872
position	296246	2	0.25833332538604736	0.2900000214576721
position	297017	2	0.23055556416511536	0.2914285659790039
position	297700	2	0.2013888955116272	0.28857141733169556
position	298472	2	0.17083331942558289	0.2842857241630554
position	299187	2	0.1388888955116272	0.2785714268684387
position	300010	2	0.10694444179534912	0.2685714364051819
position	300664	2	0.07222223281860352	0.25999999046325684
position	301423	2	0.038888901472091675	0.2514285445213318
position	302141	2	0.004166662693023682	0.24142855405807495
position	302886	2	-0.030555546283721924	0.22285711765289307
position	303606	2	-0.06527775526046753	0.2085714340209961
position	304360	2	-0.10000002384185791	0.19857144355773926
position	305129	2	-0.13055557012557983	0.1899999976158142
position	305846	2	-0.1638888716697693	0.18571430444717407
position	306557	2	-0.19722223281860352	0.18142855167388916
position	307313	2	-0.22777777910232544	0.1785714030265808
position	308053	2	-0.2569444179534912	0.17571431398391724
position	308812	2	-0.28611111640930176	0.17571431398391724
position	309499	2	-0.31111109256744385	0.17714285850524902
position	310287	2	-0.33194446563720703	0.18142855167388916
position	311013	2	-0.3513888716697693	0.191428542137146
position	311743	2	-0.36666667461395264	0.19857144355773926
position	312483	2	-0.3819444179534912	0.21142858266830444
position	313293	2	-0.3888888955116272	0.22714287042617798
position	313955	2	-0.3930555582046509	0.25
position	314712	2	-0.39444446563720703	0.27142858505249023
position	315435	2	-0.39027780294418335	0.2971428632736206
position	316164	2	-0.38333332538604736	0.322857141494751
position	316904	2	-0.36944442987442017	0.345714271068573
position	317673	2	-0.3472222089767456	0.368571400642395
position	318391	2	-0.3222222328186035	0.38999998569488525
position	319146	2	-0.2958333492279053	0.40714287757873535
position	319854	2	-0.2638888955116272	0.4157142639160156
position	320631	2	-0.23055553436279297	0.42000001668930054
position	321336	2	-0.19999998807907104	0.4228571653366089
position	322093	2	-0.16805553436279297	0.4242857098579407
position	322807	2	-0.1388888955116272	0.42000001668930054
position	323550	2	-0.10972219705581665	0.4128571152687073
position	324300	2	-0.08194446563720703	0.4057142734527588
position	325025	2	-0.05416667461395264	0.39714282751083374
position	325771	2	-0.03333336114883423	0.3871428370475769
position	326506	2	-0.016666650772094727	0.37285715341567993
position	327243	2	-0.005555570125579834	0.3585714101791382
position	328028	2	0.004166662693023682	0.34285712242126465
position	328774	2	0.006944447755813599	0.32428568601608276
position	329452	2	0.004166662693023682	0.30142855644226074
position	330197	2	-0.0027777552604675293	0.27714288234710693
position	330939	2	-0.01527780294418335	0.25285714864730835
position	331703	2	-0.03611111640930176	0.22571426630020142
position	332437	2	-0.06111109256744385	0.19428569078445435
position	333152	2	-0.08611112833023071	0.16428571939468384
position	333940	2	-0.11388885974884033	0.13142859935760498
position	334646	2	-0.1388888955116272	0.10000002384185791
position	335359	2	-0.16944444179534912	0.06428569555282593
position	336140	2	-0.19999998807907104	0.029999971389770508
position	336883	2	-0.23055553436279297	-0.01428571343421936
position	337599	2	-0.2638888955116272	-0.050000011920928955
position	338341	2	-0.2944444417953491	-0.08571428060531616
position	339081	2	-0.31527775526046753	-0.12142857909202576
position	339808	2	-0.3361111283302307	-0.15857142210006714
position	340550	2	-0.35555553436279297	-0.19142857193946838
position	341296	2	-0.3708333373069763	-0.21714285016059875
position	342047	2	-0.37638890743255615	-0.23142856359481812
position	342776	2	-0.38055557012557983	-0.238571435213089
position	343531	2	-0.38333332538604736	-0.2442857027053833
position	344206	2	-0.38333332538604736	-0.24857142567634583
position	344949	2	-0.38333332538604736	-0.25
position	346430	2	-0.38333332538604736	-0.25
position	347166	2	-0.38333332538604736	-0.2514285743236542
position	347926	2	-0.38333332538604736	-0.25285714864730835
position	348653	2	-0.38333332538604736	-0.2571428418159485
position	349375	2	-0.38333332538604736	-0.2571428418159485
position	352329	2	-0.3847222328186035	-0.25857144594192505
position	370156	2	-0.3888888955116272	-0.25857144594192505
position	370811	2	-0.39027780294418335	-0.25857144594192505
position	371562	2	-0.3930555582046509	-0.25857144594192505
position	372321	2	-0.3930555582046509	-0.2514285743236542
position	373047	2	-0.3930555582046509	-0.2442857027053833
position	373780	2	-0.39027780294418335	-0.22714287042617798
position	374477	2	-0.3888888955116272	-0.20714285969734192
position	375213	2	-0.38749998807907104	-0.17714285850524902
position	375970	2	-0.38611114025115967	-0.14142856001853943
position	376703	2	-0.38333332538604736	-0.09857141971588135
position	377462	2	-0.3819444179534912	-0.050000011920928955
position	378271	2	-0.3791666626930237	-0.01142856478691101
position	378906	2	-0.375	0.02571427822113037
position	379684	2	-0.36944442987442017	0.06428569555282593
position	380408	2	-0.36666667461395264	0.11000001430511475
position	381169	2	-0.3652777671813965	0.15285712480545044
position	381871	2	-0.35972219705581665	0.21285712718963623
position	382642	2	-0.3513888716697693	0.27142858505249023
position	383362	2	-0.3430555462837219	0.3171428442001343
position	384093	2	-0.3291666507720947	0.3399999737739563
position	384826	2	-0.31111109256744385	0.345714271068573
position	385575	2	-0.28611111640930176	0.3500000238418579
position	386306	2	-0.25138890743255615	0.3500000238418579
position	387096	2	-0.21944445371627808	0.345714271068573
position	387791	2	-0.17638885974884033	0.34142857789993286
position	388533	2	-0.1319444179534912	0.3371428847312927
position	389260	2	-0.08472222089767456	0.3371428847312927
position	390016	2	-0.03750002384185791	0.3371428847312927
position	390746	2	0.01805555820465088	0.3385714292526245
position	391489	2	0.0694444477558136	0.34285712242126465
position	392233	2	0.125	0.34857141971588135
position	392962	2	0.17083331942558289	0.35285717248916626
position	393652	2	0.2152777910232544	0.36000001430511475
position	394397	2	0.25138890743255615	0.3642857074737549
position	395123	2	0.27916666865348816	0.368571400642395
position	395909	2	0.2986111044883728	0.3700000047683716
position	396642	2	0.3125	0.3700000047683716
position	397359	2	0.31388890743255615	0.36714285612106323
position	398083	2	0.3166666626930237	0.36571431159973145
position	398862	2	0.3166666626930237	0.36000001430511475
position	399617	2	0.31388890743255615	0.34857141971588135
position	400361	2	0.3083333373069763	0.3214285969734192
position	401071	2	0.30000001192092896	0.2842857241630554
position	401810	2	0.29305553436279297	0.24571430683135986
position	402527	2	0.2888888716697693	0.2028571367263794
position	403299	2	0.28611111640930176	0.1485714316368103
position	404000	2	0.2819444537162781	0.10571426153182983
position	404885	2	0.2805555462837219	0.047142863273620605
position	405472	2	0.2805555462837219	-0.01142856478691101
position	406253	2	0.2805555462837219	-0.06714284420013428
position	406976	2	0.2819444537162781	-0.11285713315010071
position	407712	2	0.28333333134651184	-0.154285728931427
position	408442	2	0.28333333134651184	-0.19142857193946838
position	409207	2	0.2805555462837219	-0.21571427583694458
position	409988	2	0.27638888359069824	-0.2328571379184723
position	410683	2	0.26944446563720703	-0.24571427702903748
position	411096	2	0.26944446563720703	-0.261428564786911
